0.000000
0.213350
-0.564650
-1.057600
-1.022600
-0.971650
-1.010600
-0.996650
-0.998650
-1.502600
-2.558600
-3.151600
-2.450600
-1.916600
-1.495600
-0.422650
0.266350
0.863350
1.123400
1.419400
2.287400
2.993400
3.639400
3.848400
4.033400
4.025400
3.585400
3.831400
3.563400
2.862400
2.652400
2.433400
2.853400
3.088400
2.796400
2.155400
1.830400
1.956400
0.542350
-0.181650
-0.105650
-0.925650
-1.233600
-1.856600
-2.151600
-1.918600
-2.088600
-1.804600
-1.169600
-0.524650
-0.981650
-1.516600
-0.796650
-0.126650
0.572350
1.047400
1.003400
0.479350
-0.114650
-0.023645
0.009355
-0.049645
0.155350
0.832350
1.131400
0.874350
1.059400
0.441350
-0.105650
-0.154650
-0.914650
-1.129600
-1.444600
-2.180600
-1.991600
-2.147600
-2.954600
-3.062600
-3.044600
-2.996600
-3.525600
-4.143600
-4.128600
-4.936600
-4.628600
-3.862600
-4.068600
-4.005600
-4.020600
-3.698600
-3.631600
-3.270600
-2.381600
-1.852600
-0.956650
0.424350
1.512400
1.633400
1.991400
1.877400
1.026400
0.783350
0.079355
-0.133650
0.026355
-0.089645
0.032355
-0.077645
0.830350
1.292400
0.852350
1.002400
0.954350
0.977350
1.423400
2.239400
2.353400
2.421400
3.061400
2.962400
2.931400
2.523400
1.645400
1.126400
0.345350
-0.102650
-0.065645
-0.500650
-1.178600
-0.905650
-0.471650
-0.566650
-0.144650
-0.161650
-0.767650
-0.779650
-0.474650
-0.044645
0.528350
0.984350
1.019400
0.889350
0.998350
0.914350
0.624350
0.744350
1.509400
2.569400
2.895400
2.771400
2.279400
1.798400
1.855400
1.052400
0.828350
1.041400
0.869350
1.508400
2.002400
2.322400
1.661400
0.741350
0.976350
0.943350
0.447350
-0.285650
-0.963650
-1.122600
-1.044600
-1.050600
-1.071600
-1.036600
-1.082600
-1.048600
-1.541600
-2.185600
-2.037600
-2.058600
-2.081600
-1.913600
-2.014600
-2.277600
-1.885600
-0.784650
-0.790650
-0.673650
0.076355
0.419350
1.158400
2.002400
2.998400
4.087400
4.848400
5.525400
5.994400
6.081400
6.471400
6.671400
6.108400
5.674400
5.103400
4.793400
5.005400
4.893400
4.938400
4.954400
4.896400
5.462400
5.985400
5.975400
5.369400
4.402400
3.140400
1.848400
0.765350
-0.343650
-0.889650
-1.999600
-3.967600
-5.058600
-5.116600
-5.225600
-5.591600
-6.450600
-7.240600
-7.045600
-7.091600
-7.054600
-7.103600
-7.060600
-7.693600
-9.098600
-9.265600
-9.941600
-9.709600
-8.899600
-9.125600
-9.056600
-9.086600
-9.066600
-9.085600
-8.578600
-7.979600
-7.576600
-6.995600
-6.678600
-6.573600
-6.406600
-6.095600
-6.012600
-6.262600
-6.941600
-7.179600
-7.053600
-7.065600
-7.123600
-6.901600
-6.715600
-6.925600
-6.245600
-5.452600
-4.574600
-3.775600
-3.104600
-1.589600
-0.307650
1.036400
2.407400
4.007400
5.783400
6.981400
8.090400
8.806400
9.525400
9.969400
10.414000
11.026000
10.912000
11.387000
12.177000
12.776000
13.031000
12.850000
12.953000
12.411000
11.804000
11.431000
10.202000
8.286400
6.707400
5.481400
4.252400
3.346400
2.321400
1.324400
0.331350
-0.818650
-2.671600
-4.813600
-6.238600
-7.547600
-8.380600
-9.425600
-10.438000
-10.913000
-11.077000
-10.147000
-10.008000
-10.004000
-9.154600
-8.894600
-8.085600
-6.954600
-6.015600
-4.499600
-2.416600
-0.526650
0.543350
1.488400
2.010400
1.903400
1.438400
0.805350
0.909350
0.944350
1.017400
2.318400
3.573400
4.597400
6.051400
6.874400
6.976400
6.756400
5.896400
4.458400
3.127400
1.820400
0.428350
-0.674650
-1.248600
-0.867650
-0.747650
-0.562650
-0.042645
0.422350
1.016400
0.907350
1.402400
2.155400
3.401400
5.152400
6.331400
8.052400
9.725400
11.502000
13.143000
14.330000
15.582000
16.821000
17.711000
18.075000
18.788000
19.051000
18.823000
18.978000
18.278000
16.774000
15.493000
13.622000
11.400000
9.578400
7.312400
4.802400
3.116400
1.307400
-0.152650
-0.126650
-0.530650
-0.863650
-0.837650
-1.170600
-1.073600
-1.059600
-1.576600
-2.301600
-2.970600
-3.635600
-4.277600
-4.988600
-5.129600
-5.082600
-5.053600
-5.229600
-5.941600
-6.304600
-7.063600
-8.181600
-9.511600
-10.364000
-11.553000
-13.143000
-13.288000
-13.894000
-14.718000
-15.546000
-16.867000
-18.128000
-19.567000
-20.677000
-21.631000
-21.709000
-20.346000
-18.934000
-17.519000
-14.922000
-12.179000
-9.412600
-6.429600
-4.349600
-2.109600
-0.139650
1.306400
2.671400
3.412400
4.696400
6.006400
7.045400
7.869400
8.126400
8.806400
9.014400
8.907400
8.462400
7.365400
6.228400
4.822400
3.514400
2.152400
1.004400
0.318350
-0.524650
-1.872600
-2.930600
-3.707600
-3.918600
-3.389600
-3.624600
-3.049600
-2.121600
-1.850600
-1.105600
-0.127650
1.131400
1.701400
1.658400
2.361400
3.605400
3.992400
4.434400
5.046400
5.067400
5.823400
6.050400
5.896400
5.990400
5.932400
6.288400
6.329400
6.706400
7.581400
8.445400
9.572400
10.608000
12.184000
13.342000
12.965000
12.942000
12.828000
11.940000
10.286000
7.295400
4.398400
2.203400
0.543350
-1.347600
-3.145600
-4.544600
-5.354600
-5.358600
-6.473600
-7.380600
-7.813600
-8.211600
-8.394600
-9.209600
-8.995600
-9.029600
-8.950600
-8.225600
-8.885600
-9.220600
-10.031000
-10.978000
-11.236000
-11.747000
-11.858000
-12.859000
-13.193000
-13.066000
-13.955000
-14.107000
-14.438000
-15.307000
-15.730000
-15.746000
-16.431000
-17.197000
-16.989000
-17.032000
-17.374000
-17.229000
-16.948000
-16.579000
-15.792000
-15.145000
-14.496000
-13.792000
-13.173000
-12.451000
-11.844000
-11.131000
-10.938000
-10.922000
-10.123000
-9.471600
-8.343600
-6.273600
-4.846600
-3.122600
-0.415650
1.135400
2.520400
4.479400
5.719400
7.073400
7.935400
8.527400
9.510400
10.690000
12.075000
13.511000
15.507000
16.576000
17.801000
19.342000
19.577000
20.422000
21.656000
22.008000
22.622000
23.927000
24.119000
24.378000
25.136000
24.512000
23.314000
21.485000
19.220000
16.920000
14.818000
13.082000
11.365000
9.936400
8.999400
8.993400
8.528400
7.924400
7.868400
7.149400
6.444400
5.493400
4.301400
2.503400
0.470350
-0.578650
-1.978600
-3.331600
-4.167600
-5.228600
-6.511600
-7.122600
-6.970600
-6.992600
-6.996600
-6.981600
-6.992600
-6.867600
-6.004600
-4.904600
-3.635600
-2.343600
-1.826600
-1.090600
-1.058600
-1.838600
-2.547600
-3.017600
-3.028600
-2.824600
-2.032600
-0.888650
0.378350
1.863400
3.942400
5.050400
5.490400
6.124400
6.105400
6.454400
5.423400
3.926400
2.519400
0.555350
-0.842650
-3.180600
-4.860600
-5.934600
-7.108600
-7.957600
-8.939600
-9.032600
-9.390600
-10.093000
-9.836600
-9.118600
-8.758600
-7.591600
-5.777600
-4.637600
-3.211600
-1.610600
0.102350
1.321400
1.869400
2.584400
3.190400
3.918400
4.106400
4.446400
5.148400
5.030400
5.472400
6.594400
7.551400
8.573400
9.131400
8.889400
8.212400
7.341400
6.049400
4.594400
3.797400
2.745400
1.406400
0.993350
1.017400
1.497400
2.235400
2.893400
3.127400
3.019400
3.373400
3.718400
4.030400
3.644400
2.793400
2.110400
0.959350
0.158350
-0.165650
-0.319650
0.012355
0.543350
1.198400
2.062400
2.925400
3.604400
4.064400
4.294400
3.286400
1.589400
0.355350
-1.429600
-3.107600
-3.851600
-4.010600
-3.514600
-2.286600
-1.042600
-0.401650
0.079355
0.087355
-0.002646
-0.353650
-1.514600
-2.467600
-3.476600
-4.488600
-5.136600
-5.703600
-5.490600
-5.101600
-4.762600
-4.107600
-3.128600
-2.168600
-2.434600
-2.954600
-3.467600
-3.960600
-4.580600
-5.803600
-6.546600
-6.818600
-6.191600
-5.780600
-6.161600
-6.837600
-7.931600
-8.410600
-9.144600
-9.800600
-10.132000
-10.799000
-11.443000
-12.476000
-13.018000
-13.274000
-13.059000
-11.596000
-10.215000
-8.518600
-6.441600
-4.968600
-2.983600
-0.234650
1.853400
4.451400
7.606400
9.482400
10.680000
11.093000
11.519000
11.996000
11.248000
10.497000
9.922400
9.166400
8.560400
7.439400
5.581400
3.945400
3.137400
3.017400
3.051400
3.504400
4.244400
5.033400
6.409400
8.069400
9.762400
11.199000
13.045000
14.566000
15.046000
15.525000
15.071000
15.417000
16.108000
15.151000
15.016000
14.637000
13.964000
13.974000
13.514000
13.665000
13.636000
13.021000
13.018000
13.539000
14.096000
14.539000
15.098000
15.531000
16.214000
16.928000
17.005000
16.105000
14.704000
13.254000
10.797000
7.971400
5.513400
3.605400
2.504400
1.549400
0.553350
-0.441650
-1.149600
-1.749600
-2.480600
-2.968600
-3.404600
-4.106600
-5.224600
-6.509600
-7.443600
-8.115600
-8.802600
-9.421600
-10.452000
-11.336000
-12.041000
-13.432000
-14.171000
-14.853000
-15.867000
-16.123000
-16.711000
-16.981000
-15.905000
-15.079000
-14.406000
-13.586000
-13.246000
-13.057000
-13.859000
-14.984000
-16.773000
-19.545000
-21.448000
-23.424000
-24.641000
-24.718000
-24.916000
-23.860000
-21.778000
-20.170000
-18.536000
-16.399000
-14.553000
-13.678000
-13.569000
-14.315000
-15.508000
-15.955000
-15.993000
-15.353000
-13.855000
-11.620000
-9.083600
-7.057600
-5.241600
-4.307600
-3.520600
-2.806600
-2.545600
-1.740600
-1.211600
-1.382600
-1.771600
-2.001600
-1.511600
-0.859650
-1.360600
-2.015600
-2.361600
-3.000600
-2.971600
-2.759600
-1.648600
1.371400
4.259400
7.115400
10.569000
13.595000
16.420000
18.652000
20.096000
20.982000
21.127000
21.460000
22.665000
23.956000
24.157000
24.009000
23.661000
22.019000
19.043000
15.115000
11.061000
7.190400
3.993400
1.517400
-0.232650
-0.682650
-0.897650
-1.001600
-1.021600
-2.181600
-3.649600
-5.309600
-7.903600
-10.464000
-12.361000
-13.482000
-14.418000
-14.908000
-13.609000
-11.317000
-8.678600
-6.737600
-6.013600
-4.892600
-3.666600
-1.967600
-0.369650
0.738350
3.321400
5.627400
8.024400
10.611000
11.096000
11.857000
12.395000
10.893000
8.440400
5.723400
3.639400
1.937400
-0.451650
-3.749600
-6.513600
-8.858600
-11.051000
-11.866000
-11.988000
-11.926000
-11.552000
-10.331000
-8.971600
-7.393600
-5.105600
-3.405600
-1.643600
0.070355
1.786400
4.288400
7.067400
10.058000
14.083000
18.796000
23.107000
26.868000
30.073000
32.795000
33.447000
32.975000
32.522000
30.700000
28.086000
25.180000
21.933000
18.750000
16.468000
15.034000
14.336000
12.927000
9.986400
6.108400
1.280400
-3.362600
-7.828600
-10.888000
-13.562000
-17.271000
-19.566000
-20.911000
-22.019000
-22.739000
-23.216000
-23.759000
-25.422000
-26.964000
-28.333000
-29.911000
-29.490000
-27.979000
-26.499000
-24.553000
-22.439000
-20.929000
-20.063000
-19.948000
-20.797000
-20.012000
-19.329000
-19.592000
-17.461000
-14.493000
-11.187000
-6.431600
-1.153600
4.450400
9.833400
13.983000
16.908000
18.654000
19.428000
18.901000
17.823000
17.124000
16.086000
14.649000
13.037000
12.033000
11.208000
10.533000
9.542400
7.624400
5.901400
3.452400
-0.038645
-3.665600
-6.650600
-9.188600
-11.089000
-12.212000
-13.472000
-14.031000
-13.933000
-13.857000
-13.046000
-11.641000
-10.341000
-8.568600
-6.908600
-6.054600
-6.003600
-6.842600
-7.949600
-8.698600
-8.246600
-7.706600
-7.215600
-6.524600
-6.726600
-7.012600
-6.833600
-6.160600
-5.840600
-5.597600
-4.757600
-4.148600
-3.357600
-1.509600
1.420400
4.865400
8.899400
12.449000
14.443000
15.586000
16.200000
16.856000
17.041000
16.130000
15.071000
14.198000
14.060000
14.975000
16.023000
16.916000
17.417000
17.291000
16.497000
15.084000
13.667000
11.245000
8.523400
6.249400
3.242400
1.562400
1.477400
1.978400
2.878400
3.158400
3.006400
3.066400
2.840400
0.975350
-1.573600
-4.148600
-6.368600
-7.867600
-9.422600
-10.071000
-9.514600
-8.526600
-7.468600
-6.602600
-6.663600
-7.032600
-6.926600
-6.565600
-5.790600
-5.046600
-3.984600
-2.977600
-2.009600
-1.063600
-0.899650
-1.046600
-1.738600
-2.045600
-1.913600
-1.974600
-1.926600
-1.989600
-2.293600
-3.532600
-4.584600
-5.676600
-6.884600
-7.479600
-8.895600
-9.937600
-11.280000
-12.880000
-13.419000
-13.978000
-13.987000
-13.921000
-13.852000
-12.682000
-10.129000
-7.500600
-5.502600
-3.561600
-1.420600
1.128400
2.690400
3.446400
4.231400
4.954400
5.900400
6.836400
7.798400
8.869400
9.160400
9.401400
10.797000
11.483000
11.856000
12.649000
12.859000
12.984000
12.602000
12.066000
11.475000
10.007000
8.413400
6.716400
4.645400
2.642400
0.753350
-0.484650
-1.362600
-2.049600
-2.320600
-3.487600
-4.795600
-5.152600
-5.781600
-6.838600
-7.021600
-6.903600
-7.009600
-6.880600
-7.499600
-8.525600
-9.992600
-11.101000
-10.855000
-9.588600
-6.767600
-3.972600
-0.201650
4.201400
7.081400
10.597000
14.151000
17.671000
22.294000
26.453000
29.345000
31.006000
31.141000
30.618000
29.571000
27.782000
26.727000
25.132000
23.315000
22.187000
20.755000
19.865000
19.250000
18.863000
17.448000
14.492000
11.396000
7.204400
2.459400
-2.233600
-7.662600
-12.573000
-16.807000
-20.498000
-23.195000
-25.928000
-27.726000
-28.413000
-28.721000
-28.209000
-27.467000
-26.558000
-25.384000
-23.667000
-21.539000
-19.674000
-18.336000
-16.679000
-14.897000
-13.655000
-11.475000
-9.186600
-7.418600
-5.253600
-3.564600
-2.914600
-2.876600
-3.107600
-3.278600
-3.054600
-2.482600
-1.953600
-1.419600
0.282350
2.386400
3.150400
3.065400
3.032400
3.072400
3.030400
3.340400
3.326400
3.059400
3.554400
3.858400
4.277400
5.311400
6.316400
7.600400
8.959400
9.925400
10.115000
10.022000
9.978400
9.264400
9.065400
9.923400
11.642000
13.689000
15.418000
17.903000
19.402000
19.224000
19.751000
20.191000
19.979000
20.459000
21.059000
21.193000
21.763000
22.556000
23.018000
23.013000
21.883000
20.536000
19.550000
17.742000
15.670000
13.333000
10.527000
7.830400
4.356400
0.451350
-3.214600
-6.832600
-10.637000
-14.190000
-16.329000
-17.050000
-16.880000
-16.095000
-14.640000
-12.637000
-10.469000
-7.799600
-4.241600
-0.694650
2.390400
4.818400
6.371400
7.494400
8.556400
10.329000
12.380000
14.409000
15.544000
15.391000
15.158000
14.182000
13.052000
12.069000
9.872400
6.778400
3.861400
1.595400
-0.174650
-1.949600
-3.844600
-4.909600
-5.230600
-5.759600
-6.617600
-7.511600
-7.560600
-6.987600
-6.893600
-6.637600
-5.548600
-4.883600
-4.893600
-4.096600
-3.490600
-3.557600
-2.981600
-2.893600
-3.026600
-2.999600
-3.850600
-4.878600
-6.258600
-8.186600
-9.491600
-10.337000
-11.424000
-12.355000
-13.396000
-14.024000
-14.064000
-14.716000
-15.068000
-14.846000
-14.152000
-13.109000
-12.900000
-12.989000
-12.957000
-12.978000
-12.969000
-12.963000
-12.974000
-12.609000
-11.929000
-11.593000
-10.775000
-9.707600
-9.002600
-8.189600
-7.871600
-8.097600
-8.687600
-9.106600
-8.913600
-8.999600
-8.609600
-7.479600
-6.012600
-3.974600
-2.095600
-0.156650
1.458400
2.491400
3.033400
3.427400
4.124400
4.878400
5.867400
6.169400
6.863400
8.302400
10.668000
13.322000
14.676000
16.809000
17.557000
17.110000
17.382000
16.563000
15.977000
15.753000
14.975000
13.708000
12.068000
9.812400
7.242400
4.646400
1.880400
-0.443650
-3.037600
-5.315600
-6.535600
-7.841600
-8.873600
-8.928600
-8.278600
-7.479600
-6.679600
-5.173600
-3.851600
-3.106600
-2.174600
-1.816600
-1.191600
-0.149650
0.087355
-0.373650
-0.997650
-1.051600
-0.945650
-1.036600
-0.866650
-0.291650
0.380350
-0.059645
-1.201600
-1.201600
-1.495600
-2.145600
-2.031600
-2.847600
-3.646600
-4.684600
-6.709600
-7.993600
-8.431600
-8.085600
-7.913600
-8.059600
-7.608600
-7.009600
-6.936600
-7.062600
-6.955600
-7.392600
-7.998600
-8.080600
-8.293600
-9.430600
-9.866600
-8.917600
-8.380600
-7.260600
-5.652600
-3.716600
-1.267600
0.323350
2.236400
3.972400
4.872400
5.815400
6.057400
5.629400
4.877400
4.225400
3.901400
4.071400
4.387400
4.032400
3.941400
3.659400
2.938400
2.952400
2.654400
1.589400
0.503350
-0.954650
-2.610600
-3.278600
-4.050600
-5.865600
-7.493600
-9.010600
-10.666000
-12.358000
-13.927000
-15.127000
-15.660000
-15.239000
-14.878000
-14.329000
-13.628000
-13.457000
-12.930000
-12.315000
-11.475000
-10.586000
-9.735600
-7.850600
-5.609600
-3.415600
-1.979600
-1.209600
-0.284650
-0.753650
-2.259600
-3.505600
-5.274600
-6.954600
-8.312600
-9.838600
-10.526000
-11.079000
-11.841000
-12.007000
-11.177000
-9.714600
-9.190600
-8.572600
-7.212600
-5.763600
-3.814600
-1.655600
0.928350
3.703400
6.533400
9.660400
12.239000
14.174000
15.065000
14.614000
13.513000
12.086000
11.031000
10.080000
9.122400
8.543400
7.596400
6.890400
6.927400
6.960400
6.936400
7.207400
7.496400
7.186400
6.869400
6.964400
6.935400
6.934400
6.955400
6.580400
5.869400
5.151400
4.894400
4.919400
5.221400
5.554400
5.982400
6.698400
7.424400
8.760400
10.183000
12.161000
13.875000
14.975000
16.829000
17.299000
17.506000
18.122000
17.845000
17.966000
17.929000
17.893000
17.896000
16.821000
15.523000
14.187000
12.491000
10.697000
8.948400
7.308400
6.024400
5.457400
3.801400
1.696400
0.118350
-2.282600
-4.006600
-5.233600
-6.152600
-6.460600
-7.046600
-7.501600
-8.094600
-8.963600
-9.578600
-9.972600
-10.805000
-11.299000
-11.799000
-12.934000
-13.148000
-13.070000
-13.115000
-13.052000
-13.126000
-12.816000
-12.721000
-12.777000
-13.061000
-14.183000
-15.555000
-16.992000
-18.337000
-18.922000
-18.388000
-18.024000
-17.785000
-17.087000
-17.057000
-17.195000
-17.762000
-18.228000
-17.738000
-16.967000
-15.668000
-14.272000
-12.518000
-10.275000
-8.005600
-5.755600
-3.591600
-1.839600
-1.088600
-1.098600
-1.832600
-2.187600
-2.079600
-2.053600
-1.396600
-0.717650
0.202350
1.004400
1.905400
3.302400
4.217400
5.237400
6.292400
8.040400
10.152000
11.102000
12.244000
13.969000
15.333000
16.685000
17.673000
18.043000
18.243000
18.001000
17.747000
17.246000
16.759000
16.843000
16.222000
15.441000
14.895000
13.811000
12.787000
12.139000
11.831000
11.859000
11.904000
11.564000
10.616000
9.755400
9.434400
9.104400
8.837400
8.882400
8.870400
8.591400
7.603400
6.820400
7.032400
6.541400
5.428400
4.896400
4.773400
3.940400
2.481400
1.581400
0.849350
0.824350
0.639350
-0.171650
-0.120650
-0.426650
-0.878650
-0.852650
-1.147600
-1.164600
-1.078600
-1.180600
-1.079600
-1.446600
-2.085600
-2.198600
-2.091600
-2.141600
-2.068600
-1.464600
-0.758650
0.130350
0.893350
0.913350
0.565350
-0.089645
-0.213650
-0.342650
-1.164600
-1.153600
-1.167600
-1.535600
-1.220600
-1.306600
-1.471600
-1.026600
-0.465650
0.221350
1.124400
1.943400
2.395400
2.911400
2.651400
2.038400
2.540400
2.929400
3.142400
3.829400
3.885400
3.181400
2.729400
2.237400
1.486400
0.857350
0.110350
-0.895650
-1.944600
-2.822600
-3.540600
-4.095600
-4.871600
-4.922600
-4.174600
-4.067600
-4.426600
-5.095600
-5.195600
-5.103600
-5.158600
-5.108600
-5.055600
-4.120600
-3.638600
-3.205600
-2.356600
-1.403600
-0.377650
-0.026645
0.512350
0.987350
1.518400
1.978400
2.777400
3.950400
4.884400
6.536400
7.961400
8.834400
8.986400
8.718400
8.273400
6.828400
5.583400
4.346400
2.635400
1.548400
0.642350
-0.423650
-1.162600
-2.012600
-2.864600
-3.710600
-5.188600
-6.857600
-7.929600
-9.127600
-10.840000
-11.912000
-11.938000
-11.136000
-10.440000
-9.830600
-9.143600
-9.048600
-8.537600
-7.949600
-7.523600
-6.335600
-5.448600
-4.791600
-4.170600
-4.033600
-3.535600
-2.782600
-2.227600
-2.656600
-3.286600
-3.065600
-3.167600
-3.048600
-2.505600
-1.122600
0.575350
1.887400
3.485400
3.666400
3.676400
3.988400
3.864400
4.261400
4.031400
3.778400
3.929400
3.851400
3.929400
4.471400
4.982400
4.877400
4.803400
4.354400
3.686400
4.341400
4.564400
3.798400
3.921400
4.497400
5.831400
6.720400
6.591400
6.878400
6.936400
6.565400
5.361400
4.078400
3.891400
4.271400
4.636400
5.149400
6.052400
7.142400
7.903400
8.516400
9.009400
8.831400
8.908400
8.041400
6.825400
5.985400
4.251400
2.872400
1.101400
-0.512650
-1.880600
-3.845600
-5.051600
-6.343600
-7.787600
-8.786600
-9.881600
-10.740000
-12.084000
-13.676000
-14.763000
-16.526000
-18.126000
-18.727000
-18.762000
-18.230000
-17.159000
-16.073000
-14.589000
-12.024000
-9.546600
-7.554600
-6.039600
-4.302600
-2.155600
-0.196650
1.572400
2.911400
4.457400
5.936400
6.872400
7.646400
8.285400
8.151400
7.755400
7.963400
7.081400
5.273400
4.171400
3.263400
2.620400
1.786400
0.906350
0.638350
-0.531650
-1.523600
-1.930600
-2.792600
-3.132600
-3.664600
-4.373600
-5.182600
-6.110600
-6.083600
-6.090600
-5.894600
-5.689600
-6.084600
-5.543600
-4.889600
-4.741600
-4.302600
-4.058600
-3.855600
-2.911600
-1.501600
-0.141650
1.142400
2.528400
3.628400
4.059400
4.275400
4.136400
3.652400
3.017400
2.290400
1.321400
0.815350
0.956350
0.572350
0.758350
1.053400
0.887350
0.993350
0.908350
0.987350
0.760350
0.402350
0.051355
0.080355
0.926350
1.547400
2.242400
2.883400
3.577400
4.038400
3.958400
3.960400
3.982400
4.312400
4.160400
3.862400
4.000400
4.107400
4.532400
4.862400
5.007400
4.978400
4.970400
5.512400
6.253400
6.872400
7.246400
7.851400
8.632400
9.033400
9.537400
10.197000
10.556000
10.439000
10.517000
10.134000
9.004400
8.357400
7.205400
5.941400
5.352400
4.416400
3.245400
2.457400
1.238400
0.572350
-0.441650
-2.627600
-3.697600
-5.376600
-7.562600
-9.042600
-10.306000
-11.954000
-12.022000
-13.032000
-11.345000
-3.382600
-4.986600
-8.653600
-7.089600
-8.777600
-8.212600
-7.260600
-7.072600
-6.818600
-7.129600
-6.377600
-5.782600
-5.592600
-5.843600
-5.508600
-5.007600
-5.024600
-4.748600
-4.151600
-3.675600
-3.156600
-2.823600
-2.681600
-2.223600
-1.464600
-0.842650
-0.974650
-0.992650
-0.430650
0.097355
0.222350
1.014400
2.257400
3.064400
4.712400
6.226400
7.193400
8.668400
9.077400
8.865400
9.173400
8.804400
8.192400
7.775400
7.190400
6.933400
7.075400
6.908400
5.967400
5.089400
4.460400
3.974400
3.539400
2.951400
3.041400
3.075400
3.016400
3.096400
3.001400
3.095400
2.531400
1.829400
1.012400
-0.048645
-1.047600
-1.771600
-1.606600
-2.394600
-3.142600
-2.839600
-3.013600
-2.876600
-2.972600
-2.921600
-2.933600
-3.177600
-2.828600
-3.796600
-4.041600
-4.018600
-4.722600
-4.586600
-5.406600
-6.082600
-6.234600
-6.151600
-5.827600
-5.465600
-4.682600
-4.033600
-3.691600
-2.954600
-1.404600
-0.681650
0.463350
0.783350
0.091355
0.957350
1.354400
1.872400
2.260400
1.996400
2.130400
2.082400
1.732400
2.017400
2.572400
2.084400
2.025400
2.178400
2.028400
2.616400
3.173400
3.110400
3.090400
2.977400
2.216400
1.553400
0.898350
0.227350
0.014355
0.139350
0.096355
0.094355
0.125350
-0.268650
-0.527650
-1.080600
-1.280600
-1.225600
-1.095600
-0.799650
-1.376600
-1.762600
-2.525600
-3.072600
-3.273600
-4.011600
-3.876600
-3.863600
-3.802600
-3.293600
-3.067600
-2.227600
-1.263600
-1.488600
-1.900600
-2.037600
-2.705600
-3.457600
-3.793600
-3.375600
-2.983600
-2.402600
-1.747600
-1.786600
-1.001600
-0.765650
-0.823650
-0.083645
-1.131600
-2.500600
-3.074600
-3.708600
-4.427600
-4.800600
-4.602600
-5.708600
-6.347600
-6.578600
-7.915600
-8.898600
-10.373000
-11.957000
-12.944000
-13.416000
-14.169000
-14.992000
-14.873000
-14.833000
-14.875000
-14.426000
-13.756000
-14.195000
-13.995000
-13.209000
-12.956000
-11.455000
-10.173000
-8.369600
-6.702600
-5.411600
-3.387600
-2.157600
-0.487650
0.775350
1.949400
2.959400
3.561400
4.893400
4.794400
4.761400
6.223400
7.647400
8.427400
9.052400
10.224000
11.057000
11.624000
12.372000
12.521000
12.207000
12.076000
12.213000
12.005000
11.346000
11.048000
10.768000
9.959400
9.304400
8.997400
8.307400
8.211400
8.452400
7.676400
7.244400
6.857400
6.433400
6.111400
5.267400
5.101400
5.192400
5.020400
4.679400
3.875400
2.952400
2.310400
2.105400
1.741400
1.000400
0.310350
0.094355
-0.234650
-0.915650
-0.838650
-0.803650
-0.450650
0.581350
0.412350
0.080355
0.202350
0.143350
0.188350
0.050355
-0.331650
-0.557650
-0.083645
0.293350
0.113350
0.204350
0.036355
-0.613650
-1.056600
-1.293600
-2.082600
-2.960600
-2.815600
-2.834600
-2.734600
-2.410600
-2.839600
-3.228600
-4.026600
-4.233600
-4.642600
-5.941600
-5.677600
-6.298600
-7.089600
-6.391600
-6.550600
-5.949600
-4.932600
-4.368600
-3.758600
-3.712600
-2.743600
-2.130600
-2.315600
-1.374600
-0.760650
-0.412650
0.614350
1.273400
1.153400
1.189400
1.183400
1.545400
2.563400
2.416400
2.119400
2.158400
2.188400
1.770400
1.116400
1.455400
1.544400
1.875400
1.998400
1.868400
2.251400
2.177400
2.135400
2.217400
2.028400
1.424400
0.946350
0.436350
0.055355
0.195350
0.076355
-0.637650
-1.289600
-1.954600
-2.372600
-2.399600
-3.449600
-3.651600
-3.553600
-3.512600
-2.774600
-2.695600
-1.714600
-0.440650
0.682350
1.762400
2.552400
3.329400
4.084400
5.084400
6.623400
8.423400
8.349400
8.043400
8.247400
8.098400
7.832400
6.609400
5.256400
4.164400
3.258400
1.911400
1.046400
0.786350
0.118350
0.134350
0.184350
0.142350
0.185350
0.505350
1.317400
1.656400
1.956400
2.232400
2.130400
2.176400
2.051400
1.410400
1.040400
1.186400
0.785350
0.103350
0.407350
0.458350
-0.216650
-0.103650
0.218350
0.143350
0.229350
0.645350
0.583350
0.169350
0.108350
0.258350
0.526350
0.223350
0.086355
0.449350
0.425350
-0.023645
-0.494650
-0.580650
-0.674650
-0.437650
-0.020645
0.626350
1.738400
2.468400
3.054400
4.046400
4.971400
5.562400
6.262400
6.540400
6.479400
6.362400
6.110400
6.110400
6.158400
5.770400
5.096400
5.111400
4.788400
4.091400
3.760400
3.119400
3.077400
3.184400
3.072400
3.179400
2.738400
2.131400
2.067400
2.083400
1.376400
1.018400
1.094400
0.349350
0.051355
-0.212650
-0.913650
-1.246600
-1.982600
-2.644600
-3.391600
-4.614600
-5.386600
-6.158600
-7.014600
-6.503600
-6.217600
-6.792600
-6.206600
-5.669600
-5.211600
-4.753600
-4.926600
-4.877600
-4.879600
-4.908600
-4.868600
-4.908600
-4.797600
-4.172600
-3.450600
-2.485600
-1.360600
-1.074600
-0.548650
0.168350
0.094355
0.446350
1.114400
1.134400
1.085400
1.102400
1.100400
1.087400
1.105400
1.086400
1.093400
1.103400
1.147400
1.829400
2.163400
2.089400
1.744400
1.082400
0.701350
-0.212650
-1.094600
-1.601600
-2.371600
-2.897600
-3.044600
-3.602600
-4.041600
-3.883600
-3.934600
-3.687600
-3.587600
-4.021600
-3.664600
-3.597600
-3.962600
-3.174600
-2.858600
-2.626600
-1.908600
-1.835600
-1.247600
-0.829650
-0.954650
-1.018600
-1.128600
-1.444600
-2.010600
-1.981600
-1.572600
-0.921650
-0.159650
0.095355
0.068355
0.036355
0.057355
0.054355
0.031355
0.075355
0.010355
0.074355
-0.287650
-0.954650
-0.997650
-0.950650
-1.020600
-1.655600
-1.750600
-0.940650
-0.913650
-1.008600
-0.921650
-1.003600
-0.943650
-0.973650
-0.985650
-0.928650
-1.028600
-0.672650
-0.706650
-0.691650
-0.068645
-0.278650
-0.139650
0.137350
-0.043645
0.050355
0.017355
0.000355
0.350350
0.974350
1.409400
1.926400
2.147400
1.902400
2.395400
2.645400
2.096400
1.619400
1.056400
0.934350
1.038400
1.059400
1.656400
2.143400
1.941400
2.253400
2.266400
1.237400
0.942350
0.959350
1.214400
0.833350
0.761350
1.641400
1.160400
1.546400
2.163400
1.918400
2.010400
1.990400
1.891400
1.649400
1.525400
1.118400
0.849350
1.340400
1.929400
2.102400
2.606400
3.099400
3.224400
3.898400
3.331400
2.134400
1.958400
1.920400
2.301400
2.908400
3.273400
3.247400
2.999400
3.361400
3.493400
2.975400
2.941400
2.968400
2.939400
2.989400
2.906400
3.014400
2.680400
2.875400
3.326400
3.179400
3.913400
4.040400
3.863400
3.974400
3.218400
2.851400
2.262400
1.927400
2.086400
1.690400
1.259400
0.937350
1.279400
1.052400
0.168350
-0.153650
-0.732650
-1.219600
-1.688600
-2.467600
-3.215600
-3.772600
-3.726600
-3.613600
-3.477600
-3.385600
-3.361600
-2.834600
-2.721600
-3.205600
-3.437600
-3.221600
-2.738600
-2.147600
-1.793600
-1.534600
-1.056600
-0.471650
0.480350
0.590350
0.463350
0.988350
1.029400
1.897400
2.589400
1.923400
2.378400
2.771400
2.131400
1.966400
1.441400
0.866350
0.233350
0.056355
0.822350
0.599350
0.687350
0.978350
0.135350
-0.838650
-1.902600
-2.814600
-3.466600
-4.315600
-5.147600
-5.159600
-5.080600
-5.168600
-5.058600
-5.190600
-4.804600
-4.423600
-4.354600
-4.158600
-3.805600
-3.218600
-2.586600
-1.609600
-1.084600
-0.512650
0.041355
0.280350
0.766350
0.022355
-0.876650
-1.430600
-2.114600
-2.187600
-2.119600
-2.148600
-2.143600
-1.934600
-1.571600
-1.247600
-1.725600
-2.245600
-2.150600
-2.121600
-2.174600
-1.895600
-1.197600
-1.044600
-0.772650
-0.626650
-1.079600
-1.219600
-1.122600
-1.404600
-2.065600
-1.629600
-1.019600
-1.182600
-1.129600
-0.494650
0.312350
0.616350
0.815350
0.905350
0.775350
1.102400
1.763400
1.853400
1.421400
1.099400
1.379400
1.314400
0.906350
1.379400
1.172400
0.719350
0.879350
0.768350
0.869350
0.786350
1.063400
1.717400
1.364400
0.999350
1.235400
0.831350
-0.343650
-1.464600
-2.193600
-2.817600
-3.298600
-3.154600
-3.252600
-3.529600
-3.588600
-3.869600
-3.917600
-4.212600
-4.209600
-4.361600
-4.589600
-4.337600
-5.116600
-4.882600
-4.607600
-5.188600
-5.177600
-5.231600
-4.595600
-4.685600
-4.721600
-4.102600
-3.981600
-3.219600
-2.151600
-1.396600
-1.149600
-0.622650
0.091355
0.946350
1.817400
2.448400
3.432400
4.114400
4.700400
4.899400
5.310400
5.910400
5.772400
5.798400
6.361400
6.674400
5.635400
4.757400
4.750400
4.783400
4.565400
3.854400
3.672400
3.809400
3.173400
2.678400
2.625400
2.165400
1.875400
0.973350
0.079355
-0.274650
-1.203600
-0.171650
1.042400
0.678350
0.826350
0.720350
0.797350
0.546350
-0.157650
-0.515650
-1.130600
-1.338600
-1.159600
-0.917650
-1.032600
-1.345600
-1.205600
-1.238600
-1.242600
-0.855650
-1.276600
-2.241600
-2.311600
-2.197600
-2.285600
-2.211600
-2.269600
-2.235600
-2.247600
-2.264600
-2.217600
-2.293600
-2.042600
-1.907600
-2.274600
-2.681600
-2.931600
-3.304600
-3.238600
-2.911600
-3.431600
-3.710600
-4.056600
-4.198600
-3.291600
-3.167600
-3.301600
-2.666600
-2.159600
-1.727600
-0.957650
-0.375650
0.037355
0.603350
1.412400
1.772400
1.949400
2.629400
3.005400
3.615400
3.861400
4.202400
4.891400
4.693400
4.744400
4.741400
4.712400
4.760400
4.689400
4.747400
4.175400
3.611400
3.210400
2.598400
2.207400
1.617400
1.202400
0.983350
0.539350
0.311350
0.024355
0.033355
-0.813650
-1.260600
-0.473650
-1.148600
-1.360600
-1.231600
-0.785650
-0.307650
-1.056600
-0.455650
-0.130650
-0.380650
-0.201650
-0.341650
-0.237650
-0.309650
-0.272650
-0.281650
-0.270650
0.083355
0.429350
0.732350
0.747350
0.710350
1.227400
1.838400
1.689400
1.876400
2.463400
1.903400
1.561400
1.813400
1.630400
1.915400
2.076400
1.732400
1.983400
1.985400
1.045400
0.672350
0.691350
0.699350
0.734350
0.302350
0.551350
0.269350
0.082355
0.834350
0.701350
0.696350
0.740350
1.044400
1.304400
1.162400
1.229400
