0.628606161
1.83204693
0.894752442
2.46631248
-0.813774816
1.44902529
0.019564181
0.280680777
-0.086417762
-1.0217115
1.09504125
-1.02265326
1.0950903
-0.98459046
0.79904412
-0.697440969
-0.380307213
-0.020158079
1.25530722
-1.50761061
-0.801348489
-0.771312231
1.16937162
0.21407382
-1.20938661
1.2454776
-0.795196638
-0.352021059
-0.888179742
-0.910162971
-0.426974364
0.798468273
-1.78539057
0.053261139
0.325377099
-1.95637887
-0.146736999
0.025344724
-0.676872342
0.471543156
-0.428742126
-0.377701677
0.156502854
-1.1349189
-0.311612688
0.702756027
-0.942784164
-0.959768217
0.905890716
-1.28783718
-1.58691465
-0.436503798
0.195733044
-2.87529138
0.88901163
-1.07063397
-0.341366418
2.22052293
-3.65345982
-0.18725328
1.7284239
-1.67272272
-0.98546355
1.10526327
0.370036143
-3.86339382
-0.042065476
3.1880538
-4.22645211
1.52752491
5.12077095
-6.41315016
0.901370268
3.57630417
-4.419405
2.81107512
-6.33802518
7.70878629
2.18591325
-4.41132156
8.08496055
-6.17688612
0.12828537
5.94828369
-4.95541359
6.3174438
-4.42420209
-1.12505985
-0.911968011
-0.752896899
9.924777
-2.65551795
-11.4164856
7.25990031
11.5303797
-5.47841412
-11.9726145
0.630702558
7.077915
-1.37795184
-5.66240067
-0.877750731
12.8999538
3.53278701
-3.55562469
-4.16181402
12.3908148
13.3261983
-16.1968986
-4.64391666
21.2899563
10.4822793
-17.9364078
-3.28039533
-3.2183667
21.1589928
-0.794509938
-20.9143314
11.6097426
7.55837937
0.932132466
-5.63009634
-8.2469727
4.48438644
11.3417334
-12.4894053
5.13564291
24.2512029
-3.11414526
-21.9836214
3.13701237
-8.2778742
17.5879566
-1.6625988
-3.58524108
3.56520906
8.12978244
9.9524412
-0.133017714
10.8507429
-20.6300376
17.2219455
23.7652155
-12.5902521
-1.52042247
-7.1893566
2.01980052
-12.9062322
15.2103069
18.6454746
-14.1346404
-10.1993589
-3.9001617
16.376814
11.2830696
-26.9800506
-11.7038205
22.3668
-8.9158185
-14.2455915
12.0603159
11.8812834
-9.9161442
-31.1623479
-1.69630596
13.7209527
-16.8994908
-14.3946054
4.21274754
7.47486684
13.0377843
3.33146619
-28.2213099
6.64661835
11.2781646
-13.8474036
-14.3134767
18.247581
-9.7759593
-28.6933671
-5.11035273
33.3848034
16.3439505
-23.4835704
-6.72587334
-8.1093384
8.1162054
-18.6779457
-45.0359442
-3.94689654
9.65574756
27.8569665
38.1464793
40.2011838
60.8502528
32.2754886
39.9661362
-22.0900599
-49.8905208
-66.1551084
-69.8683896
-48.7381401
-51.2149689
31.2071796
22.3401168
-40.7073798
-22.2460389
43.8865065
3.2146389
-20.6394552
-21.0526524
-32.9526729
-29.6425827
28.8454221
48.8402622
16.511211
31.2732009
5.98461993
24.9690987
34.6544136
21.8990592
-24.8859099
-60.6730842
-60.9232392
-60.8711481
-33.6529107
-48.1488534
-24.7188456
42.4191267
39.6701685
42.891282
69.3503235
0.737863074
-30.1367124
-55.9215126
-67.0433058
-8.17317207
-19.3839714
-22.0549401
-13.5320121
5.46049125
27.6891174
-3.82967685
9.10173762
26.6147262
10.6912323
-12.9557727
3.72590667
12.3958179
16.406244
24.8441193
-9.01644948
-7.76201535
15.898086
21.3569586
-16.2848943
-22.3419807
-21.8588382
-8.92841454
24.9380991
57.5292735
81.14832
89.2010547
93.6055485
107.555859
124.380009
121.149576
129.807882
106.356096
116.250462
123.456888
104.941494
95.4131391
111.518118
134.208648
155.470842
144.276651
62.935074
38.3657328
-7.51796217
-51.6100176
-144.361017
-223.513002
-189.262368
-218.24307
-249.755733
-229.518684
-229.631499
-225.176778
-212.590548
-218.644299
-161.098839
-59.6548062
-2.47326777
84.2663304
62.8130376
-42.6320037
-117.073521
-175.169322
-162.829323
-126.091854
-142.185159
-96.4543725
38.177577
91.1506941
142.465725
214.147395
268.497738
231.229548
173.545767
104.362704
8.01424026
-178.222194
-156.596049
78.0181452
99.203625
108.257274
130.890906
123.028191
136.914246
138.296475
125.798535
118.863846
34.5742659
2.50829928
-7.79722344
-47.1526479
-73.7287227
-136.200078
-189.965745
-243.646065
-232.74225
-195.860574
-117.349182
-28.7984322
-3.94496397
21.3016302
9.8787681
-3.91796685
-13.1341185
-51.8043537
6.38053191
57.6569997
66.7131012
65.4616395
62.9838297
103.729959
116.668368
126.809946
84.4361415
8.11505763
14.294151
18.2214864
14.2561863
17.7653214
-0.851034177
-19.5233715
-29.6218836
-4.41127251
10.6708275
-35.7429312
11.0730375
30.9157245
41.7144744
67.824378
87.410043
99.20853
101.714985
20.8783287
-31.7766501
20.7852318
-37.9857915
-82.202895
-88.7892309
-115.568667
-162.487935
-121.776435
-86.1272874
-60.5135736
4.14648099
41.5272015
79.6652442
99.765738
130.255218
138.089484
34.2216945
-29.3660388
-26.7241077
-31.1936418
-17.4329586
6.96734649
10.7856045
-2.22680133
29.6080515
27.3162393
-11.9661399
-33.4594575
-43.3378332
3.02493312
34.3305855
19.3145166
36.692343
73.9761309
69.7636188
20.7269604
-13.2067125
-38.4333237
-73.3522149
-120.944547
-168.501465
-190.123686
-169.920972
-112.999428
-89.2066464
-72.3970152
-25.9431336
26.9899587
52.3815741
82.1256903
133.234515
152.964387
138.771279
135.164142
121.226094
57.1731705
25.1041824
12.3868908
-7.38792081
-25.0319808
-44.7977574
-32.2644033
-36.8460657
-30.8469564
-29.3454378
-33.8310603
-10.4120397
8.12828151
32.2564572
42.1148205
25.9973829
-47.5067889
-66.3791688
1.53795294
-3.94292349
-30.2809194
-30.2699322
-42.5721627
-27.061866
-16.4432277
18.7277805
45.5179095
59.4426159
27.7098165
-0.256784598
14.5082052
19.7010306
10.4108625
-8.54665839
-12.5009811
-20.1005919
-26.8278975
-10.3472937
19.7809821
27.0153666
34.1388
4.93484202
-25.071417
-58.2587451
-37.9298745
-1.32535062
-21.5303013
1.79769231
24.1392708
12.5603316
6.86938383
16.5296538
26.9621964
55.3658742
38.7401805
19.3015674
-1.61058618
-2.1687948
25.4855952
34.1105472
28.1545038
-42.4406106
-100.098297
-113.847012
-114.655356
-65.8316727
29.1227508
34.3645281
12.7481931
16.8125742
42.1321842
72.0463077
15.6331179
-15.8907285
-11.5732494
-12.9146688
-4.64488785
31.0082328
34.7115078
7.3541646
1.49114943
23.3945937
27.2098989
-14.7634614
-27.1867473
-15.7487778
10.6031385
-10.1148948
-15.2226675
-1.48800042
0.062516678
10.9692477
20.7685548
21.2336469
16.2559548
-3.04661322
-9.8779833
9.29756484
9.79672707
-9.73095102
-29.3556402
-14.2125318
2.30410413
14.9864427
27.2706228
32.4513819
23.6563245
-8.70272568
-22.9276377
-17.5837383
-17.5517577
-24.6822543
-25.0814232
-22.9876749
-14.875884
1.79173764
11.7420795
5.05382751
-6.57316107
-10.3944798
-5.40979317
11.5249842
12.7463292
9.00307845
12.8504133
29.6851581
25.0445376
0.539130132
18.6283071
20.3848857
-8.65705032
-18.6714711
1.72746252
-11.7001908
-4.58972622
3.59505108
-21.3545061
-19.2917574
-12.9346812
-5.32305315
-2.1990096
-2.67418638
7.44324921
10.9714059
-2.89730502
-3.29945616
-10.9601244
-13.2579207
-16.26498
-27.3487104
-10.5730218
18.6779457
22.2531021
15.0707106
12.6858996
12.406707
7.80214806
1.84110156
-17.8146657
-35.181603
-21.6169236
0.203480001
6.829722
10.4649156
9.8327592
7.04975049
-1.54819458
-3.72595572
6.11438661
-2.1754656
0.111302298
-7.12217772
-12.1469382
-3.12484797
-4.90447026
-3.96817443
8.26898634
11.5031079
3.94748514
-0.632099502
19.0625958
31.3327476
23.9161914
22.6407933
26.2130067
9.38921967
-9.18112995
-6.09209829
-10.600686
-6.03611262
-3.28918509
0.721163511
-3.27621627
-7.27959879
-12.9685257
-23.2751079
-31.1268357
-33.0104538
-22.3248132
-17.3201436
-2.53910268
11.1415113
19.5393618
18.789093
16.4703033
2.24144766
-19.9981755
-18.2345337
-3.12743781
3.41578314
17.220474
26.9577819
9.69987294
12.4257384
10.0839933
-2.64439341
-21.2618016
-11.387448
12.7087569
19.4250753
8.34527871
-10.9503144
-11.2084155
-18.537957
-25.540335
-19.1061522
-4.99037643
-4.53924396
13.1658048
28.4269275
24.0454872
23.0581107
24.5065572
22.0066749
21.7596591
17.9563221
10.9408968
6.29428239
-10.0703574
-2.81185992
6.88343175
-12.1410522
-17.0317296
-14.2698222
-7.06239558
-12.3222429
-22.0215861
-10.8527049
-2.90904759
3.51913149
-3.93943113
-4.08350079
-9.58439943
-17.7812136
-8.37701406
4.04120007
8.61074712
5.80577382
4.0451535
11.3926473
4.42824381
-11.8323315
6.5399346
10.8524106
-2.57021019
5.5075302
11.5655976
-4.13779914
-2.27618487
6.71786838
-5.36026248
0.112582503
4.61510469
-7.14392649
-13.8312171
-9.52077177
-7.82321013
-1.81918602
-2.86956234
-11.7596394
-10.4071347
-11.3024934
2.671263
11.2541301
19.0308114
15.6846204
13.5228888
12.9906963
15.5395305
2.48507901
-25.2674208
-8.89784658
-3.6010548
2.02485267
-1.79047215
-8.3527245
-5.03761158
-1.47641481
6.83340075
21.5764083
17.199873
-1.33743654
-10.5306426
-19.9928781
-18.9104427
-23.537133
-15.4643859
-17.6911578
-10.4196915
-4.3115931
-1.66770981
1.56136941
-2.11489866
-1.80581499
-2.54107449
-6.84256329
4.93443981
20.4447267
5.86172025
15.6330198
10.6613118
11.9297448
9.8309934
10.1560968
15.1588044
9.56385729
12.1267296
9.967941
3.41970714
-8.93652741
-13.6401183
-8.75949615
11.9655513
20.0483046
16.6121559
12.1785264
-1.09997568
-14.4375732
-14.6196468
-17.2244961
-11.7486522
-7.4132208
-3.35685447
-2.22947946
-5.15249649
-11.2375512
-8.19156582
-8.87282127
-10.7004537
8.51508
11.7762183
-1.78446843
-13.5995049
-5.79187305
-12.078072
-11.5618698
0.397185318
10.0414179
9.37220913
10.9277514
10.8426987
12.0141108
31.612725
28.264572
2.77385598
0.132938253
16.142355
15.9643035
4.32831915
-2.95018092
-2.46703842
-10.2467412
-10.4827698
-3.4984422
2.59661871
-0.209353248
-10.0997874
-15.4395666
-22.8470976
-19.8911484
-7.99309971
-4.48691742
-12.9938355
-10.6240338
-7.21690308
5.95157985
17.7275529
14.081274
3.90782331
4.8721365
20.8896102
18.9488979
5.45128947
-7.35410574
-10.7943354
-10.9523745
-2.77459173
-4.98236166
0.432467964
11.4452289
1.507797
1.7318574
4.74387075
-9.33995385
-19.850535
-16.143336
-17.5018248
-6.03289494
8.12891916
-9.46710126
-4.36337028
-4.54245183
1.15147818
26.2930563
15.5363913
13.0484772
2.68392771
0.482160519
5.38281567
4.5225081
0.912256425
-1.5386004
10.1673783
8.15067774
4.0802733
11.0526327
6.77015568
2.5356888
-1.60974252
-6.86854998
-0.039237548
-2.21800176
-7.8409368
-19.620981
-20.9154105
-12.3414705
-0.206395533
9.28082898
-1.43985294
-4.58593956
-4.63897242
-2.7443475
8.23438647
7.35806898
5.14029285
0.99686277
-8.65144881
-2.48735493
7.39300239
-6.59579274
-11.234412
5.83141716
8.29423728
4.02676956
-2.38143636
6.03541611
10.3958532
-2.91166686
-5.10842997
6.76560384
2.57515443
-11.984877
-11.7367821
0.837513054
2.71114065
1.8418275
0.122219847
-11.1466125
-13.4674623
-6.00191496
3.03114285
18.6604839
17.8091721
2.02175271
10.2605733
-5.51785032
-18.1601739
-8.87803038
5.67391761
5.31078084
14.8410585
20.7890577
-2.8830609
-18.0772794
-18.0872856
-12.7985184
-8.77414248
1.68041376
13.3674003
15.8782698
15.1640037
19.3754367
12.0408921
7.27222167
-3.55748859
-22.1478408
-21.8427498
-8.59425651
0.654888132
-9.16148052
-1.97503749
9.68792436
10.6842672
12.8849445
-0.307534671
-10.9972062
9.35472771
5.37636069
4.5610614
17.3964654
8.39734038
1.57699674
0.304549488
-6.70486032
-18.8619813
-8.05035087
3.27149766
6.08244525
-7.31514042
-14.7147057
-22.2583014
-5.61860883
-9.19684557
-13.2722433
4.72386816
9.32242338
17.3751777
-1.04213592
-3.62904273
-2.140542
-3.65307723
-13.3704414
-15.6571524
-1.76947875
4.89978108
8.05084137
13.9678704
5.87407104
-2.4277788
16.6607154
13.5175914
8.39987136
-1.927665
-2.03171967
16.3724976
16.0904601
7.12936845
11.0456676
14.8559697
0.419029245
-3.69138528
-7.6287465
-14.0659704
-12.2793732
-26.7553035
-35.4612861
-33.5576556
-21.3805026
-10.8289647
-10.0267029
-2.65818627
-0.200357478
2.16944226
-4.00568787
3.15174699
13.820328
21.9330999
27.6400674
25.9965
25.4712726
22.3831827
6.27471144
0.640772523
-4.08485457
-5.03219646
6.40169208
-1.61504973
-9.30969
-18.4108194
-20.4674859
-8.63550756
-0.467732952
5.42126106
0.450552699
0.806660604
5.9984226
4.48188489
-11.2895442
-12.1158405
-4.9833819
-5.50857987
17.2161576
25.4809845
3.38841324
2.53911249
11.3850936
1.38269007
8.10497295
-3.16289115
-4.98752172
-5.22562023
-18.8593326
-5.88387123
2.632023
5.03682678
2.37691395
5.47294995
7.2465489
4.92673896
13.7887398
10.6106922
-5.87798523
3.04704486
4.31146557
-3.20611401
-2.49888168
0.149005071
-13.5496701
-36.5905152
-34.4808747
-8.08686369
10.3714263
-1.72171386
5.19963354
14.0996187
13.300398
8.4567105
7.79047416
6.75910962
13.9495257
17.0926497
0.877060107
-13.5308349
-15.1383996
4.73633667
-2.40310665
-16.0458246
-16.3168749
-17.5513653
-16.3139319
-6.37552881
-9.063459
-18.1005291
2.00029824
23.7206781
21.026754
16.9743411
9.9539127
12.2266935
22.0470921
10.0599588
-11.392353
-9.43171659
20.6135568
13.4320482
-10.016991
-10.3160979
-7.87824423
-14.7996603
-14.2004655
-7.27007328
-11.2114566
-8.32146003
13.8450492
22.1989509
-12.5789706
-13.2041619
-6.18678441
4.18273875
0.531482256
-5.48858709
11.9023749
-8.83274742
-19.1252817
-12.3169455
11.6222013
12.1573368
12.4774371
20.3091525
29.1381525
29.721357
-2.6667504
-26.6649534
-27.3151602
-31.4335944
-27.6022989
-5.91891255
-6.37707879
10.2285927
11.6240652
0.559256328
8.89809183
4.71465657
3.17011131
6.95139543
15.2132499
10.9787634
-0.201079494
15.1311402
27.4763385
16.8186564
0.253033254
1.8855801
-1.23349959
-6.58833714
4.0182741
-6.28924986
-19.3566996
-23.383116
-19.5087546
-10.5647814
-14.1200235
-1.21658715
19.2443751
23.4207864
9.26296497
8.34464106
-5.52210786
-18.405522
-11.6362296
-6.34641273
-0.15631254
-2.14399512
0.54890874
-8.66524167
-14.2511832
-4.47583212
1.386153
2.19942162
-0.144386523
0.074678429
16.1201844
38.4827661
24.5829771
0.040628409
-5.55928776
-2.45823885
6.00963543
4.56613317
-1.35089586
-12.3166512
-19.0949688
-14.6234727
-6.7497705
-6.05854809
2.12824026
14.4204057
8.15828049
-1.3739886
-3.80282688
-15.0957261
0.879756876
15.1295706
7.7760927
-4.86523026
-16.9633539
-19.8413136
-0.952921818
2.01408129
-4.37110056
4.58493894
15.5236383
13.375935
2.51820738
3.5595585
-2.78261631
3.01635918
10.2588075
10.1157777
3.14436987
-0.98304048
-6.22583802
-3.82202505
-7.64134254
-8.91678969
-1.26517608
-9.8661132
-8.80376868
-10.2732282
9.9286029
13.2617466
8.23001121
5.03691507
-4.880475
-3.86514
4.43368836
10.9378557
-7.38736164
-8.24566797
-2.29764915
11.8581318
0.514300041
-8.78688567
-2.06259174
2.0447964
-7.34241222
-20.1627873
-20.1007881
-0.145978686
18.8905284
15.5173599
16.1656047
9.9274257
11.3999067
5.71298103
-5.69291958
-12.4962723
-2.15472726
7.103421
-3.65025195
4.72059162
14.2968978
2.77991856
2.91696426
1.43945073
-14.5520559
-22.2275961
-7.93677069
-0.367195167
-1.22649525
-0.36920916
1.56343932
2.02860009
-6.23622681
-0.096142316
-8.28694845
-17.3179854
2.26864098
12.5851509
2.56773807
5.76581769
10.0232694
13.6085301
-0.616377015
-16.1666838
0.241903809
7.873506
9.42302493
0.296903574
-5.01091857
3.05283276
3.13085169
-11.8872675
-23.5352691
-18.7866405
-8.5321494
-14.2270506
-13.1867982
19.0452321
32.9379579
31.7276001
9.47095659
3.74399631
6.51994182
1.76430888
-2.63419101
-17.6222916
-16.7850081
-5.48218116
7.34218659
-0.701561169
-5.85532413
3.47785101
5.33648304
2.12238369
5.8116402
8.12641761
9.8560089
10.0100259
2.56951368
0.208698921
-0.084406221
-11.803392
-19.3079439
-24.0565725
-15.4777275
6.21072081
30.8941425
26.7757083
1.3100274
-6.11950743
1.24499691
-15.8558049
-24.1156287
0.615772719
11.7325638
15.4608543
11.8855998
12.7028709
-9.6877674
-22.1650083
-16.1279343
-9.45570204
3.63276072
12.0626703
11.9926269
-1.8981369
0.855799875
4.35199068
-0.784768608
-1.61405892
-1.61405892
-5.99855994
-7.432056
-2.96153109
1.84710528
-1.17692532
-5.64746004
-7.53711129
4.0458402
24.5748348
20.37537
-0.624761622
1.14083433
2.01513096
-12.3677613
-6.72185124
-6.29571465
-10.6371792
-8.15335587
-8.14134843
0.880723161
13.6700388
12.4036659
10.1178378
0.967740804
-4.37608404
0.862698267
-14.0303601
-28.3422672
-14.9686866
-6.86094723
-1.48011318
11.8384137
12.662748
2.96139375
-3.22272234
-1.36208907
-5.65155081
12.0605121
19.5310233
6.55460055
6.26850171
7.693983
2.13608826
-6.85898523
-5.07337884
-1.82326698
-1.38812481
-4.18108086
1.31379444
0.671573961
-0.792928566
3.77463294
4.68294084
5.75330013
-1.81928412
-6.59291841
0.403468623
9.76665942
-4.82932566
-7.55324874
9.05741604
11.95839
1.95198399
-0.746936343
-0.828965601
-3.2477967
-3.76497009
-8.93073951
-3.53089368
-1.34914968
1.14770133
-0.312799698
1.51482096
-4.42920519
1.25472843
4.34178828
-3.76198785
-6.85304037
-15.1778358
-12.0207816
-10.9914183
7.79295609
17.184177
12.6326313
9.06138909
12.6376344
11.9053179
-2.28348351
-14.3116128
-8.65666773
-10.4412735
-10.5483006
-7.88940801
-5.74167528
9.79162587
8.00301762
4.41279306
10.1217618
12.1354605
3.89360862
-8.54462772
-7.51428342
-0.583915725
4.17470436
-0.395852139
7.40481363
9.39048516
-1.63727919
-1.85435487
-9.19685538
-8.26654365
1.94495022
12.0994578
-0.283814091
-3.35886552
-2.60160219
-3.24882675
-0.070740499
4.75090452
-0.6689439
-7.52528043
-0.287813628
0.191350917
6.3734589
2.61617985
-3.34985994
-4.26917466
-3.43488321
-0.589912578
0.7565472
5.73424911
7.15573773
-11.8307619
-16.7214393
-8.24852268
-4.24015668
2.39210964
8.62123401
12.5906445
12.7426014
12.2565159
-3.13876836
-9.36589149
-2.87568378
5.55819885
5.59721322
-1.29513582
-3.51789543
-7.17314067
-10.7913924
-3.43586421
5.35013856
0.008316437
-0.493853058
-0.746938305
-1.40416416
-7.34318721
-6.98306211
-3.23577945
-0.765937332
1.44281556
8.41220253
7.51689288
-7.03806678
5.03905365
17.539299
8.99240517
-5.38949628
-4.71426417
-4.22609895
1.95801714
-1.24707663
-9.66695058
-10.67328
0.868649994
8.66130786
7.20581778
5.56926453
4.70496429
3.18045105
-6.19575075
-9.658926
-12.0046932
-9.00269586
-2.42345259
7.52694813
8.48727846
9.78471963
7.39191348
-1.46511369
-12.5938818
-11.078433
-6.85194165
2.24216379
17.5463622
16.4960055
4.32888813
1.2528351
-3.78787644
-13.4111529
-11.0694078
0.32053194
1.41890859
-4.62314889
2.91242223
5.42828502
1.78804908
1.38191508
6.41263023
8.55036657
9.74677455
2.03814522
3.49365492
1.95712443
-6.31468719
-8.81053758
-2.33032626
3.91881051
-3.48570882
-6.10959933
-4.56607431
3.28761549
7.25296464
11.339379
3.12356286
-2.25326871
5.80048623
-0.729737451
-9.8138259
-8.86750425
-6.63874092
-7.9621884
2.62342944
9.36173205
11.5374429
4.24099053
-0.549640566
2.47539654
-1.59698952
-5.23522422
-13.5160218
-12.1805865
-7.66704474
-3.18451239
-4.75404372
-0.416558106
5.56348644
1.10496897
6.0176502
5.20137972
-0.312500493
4.48514181
11.7186336
8.57254698
7.87931352
-3.86068626
-10.7580384
-4.52690298
-2.09807451
-4.82099697
-13.7289969
-6.8776929
1.22308137
1.38714381
-6.8226588
0.261766116
3.48587559
5.94071037
7.25016879
0.979031133
4.58426205
7.03310292
3.57793263
-2.91727818
-4.78391517
-2.99629773
4.90640283
0.906046695
-5.38108911
-3.55947021
-2.88422829
-8.88827202
-6.53046795
5.06149893
5.15753883
2.87576226
0.872083494
-4.28767632
-5.86620342
-0.563390262
1.38027681
2.92881474
8.25663555
10.7514657
7.86451023
-2.90515302
-10.5647814
-10.089585
-0.886449258
5.3396811
6.53309703
1.94754006
2.91387411
8.62582509
6.44008842
0.862189128
-3.87742212
-6.08417181
-5.20386165
0.443070612
4.45244508
6.00498549
4.43945664
-0.01206061
-6.40723473
-8.73802206
-8.1768312
-2.31581727
5.46183522
7.63458345
-2.18375505
-7.05641148
-0.065021955
-0.617203998
-4.96468404
-2.30577183
5.29182792
6.07410675
6.32220165
3.70530567
1.09242198
-7.43447907
-6.65119962
5.06180304
4.99177926
1.34054631
2.51394984
3.91243401
-3.90522366
-7.18633512
-4.29134526
-2.38668471
-3.92920911
-1.68043338
-1.8794979
-2.56871907
-1.74043134
-6.97321287
-3.32896464
-4.52736405
4.67779059
8.34104079
5.13395559
9.9665676
10.1976912
4.29769233
-2.7767205
0.342356247
-0.364878045
3.00128121
3.11432184
-5.93375508
-9.8401167
-11.7027414
-4.378203
4.67089416
5.13805617
5.71426614
4.57688493
5.96736414
6.24246597
0.851633568
-5.68158903
-8.93669418
-4.08102867
2.87434962
-2.90761533
-4.42912671
-5.55149862
0.068427104
4.88207403
0.422563788
-0.276667506
2.15716995
-0.152609265
1.3519161
3.94280577
2.72039148
-5.85152766
-3.59975007
-0.483675183
-4.45002201
4.58606709
-2.62938411
-5.22126459
-2.47932054
-0.032473356
0.609754284
1.21196664
9.26972406
7.46611632
2.10629529
-4.75303329
3.40175484
5.76156996
2.55348414
1.67818689
-2.99339397
-0.39349872
3.79594026
7.40117412
-2.90132712
-3.41249679
0.125720055
1.48319352
-4.99600737
-11.3782266
-5.95132479
3.9260601
7.28621073
2.68565427
5.58464661
8.48765124
5.64469362
-4.72283811
-3.70147977
-2.90520207
-18.3955158
-20.4161796
-7.25866425
-4.2226164
-6.32132856
-3.51336321
-0.542337021
7.39138374
13.9446207
10.5204402
2.93888961
-0.98144145
3.86021538
9.67220874
13.0793787
7.51148757
1.00427913
-1.46555514
-2.66395455
-5.56493832
-0.492196149
-3.28914585
-12.2951673
-9.2491623
-1.04335236
-1.09935765
-8.15776056
-6.61322511
0.618254649
9.65834721
2.01274713
4.94375931
8.84910069
6.38226828
0.976431483
1.567638
-2.10960126
-10.0453419
-1.44935883
-3.82116177
-2.77778979
-4.36032918
-0.514003779
3.6234216
3.39735015
-0.102836268
4.17163383
6.75952164
4.33070298
6.96261807
4.64082651
-5.01345936
-11.4446403
-5.11047045
-1.46121912
2.51115399
-1.79230662
2.07001791
0.755578953
-3.57589215
-5.05338606
-9.36984492
-7.44818364
-1.86227154
9.2605419
6.17849496
7.43793219
4.07579994
-0.934903791
5.15718567
6.73473177
8.76643182
1.94011389
-5.32435788
-12.0336327
-7.43906034
2.16723501
1.16489826
4.96420335
10.5841071
-0.625682781
-3.2795811
4.15496664
-2.03313231
-4.75305291
1.71816264
-1.1157894
-10.2839211
-6.35156298
0.832902354
1.73622285
2.86061562
1.62920556
-0.24542658
-1.6268904
-0.63153837
5.19046119
4.18011948
1.23512805
7.70534298
12.0078324
9.9650961
-0.448407252
-10.7548992
-10.3967361
-9.50446755
-6.01926885
-8.25202485
-7.58078541
-1.76879205
4.92950538
4.39132878
-1.38962574
-1.82576853
-2.56501089
2.44471086
5.485752
3.87121239
9.07000227
13.6425708
6.37109469
-1.41954624
-7.44959628
-5.20882551
-1.88667882
1.09034226
6.93534627
0.421137414
-5.31581337
-8.0527347
-8.85799836
-7.58155059
0.496212363
5.70300426
0.628277526
-1.76552532
3.26519964
5.0388084
-2.85386634
-8.10064674
-2.19062205
1.46763486
2.03784111
1.8948015
1.25859357
4.04555571
1.99086102
0.09822753
-2.58167808
-3.98314449
-2.83174479
-5.5676655
-3.88908621
-3.49694127
-3.48292278
2.4111018
5.31209538
4.08869028
3.89763072
3.67957404
2.8452924
2.48717835
0.153397008
2.31814224
7.14980268
1.75797162
-7.66623051
-0.123647202
1.72098792
-2.66049162
1.37689236
5.7774033
4.05282492
3.680712
3.08351844
-0.217599534
-1.93618008
-1.72009521
-4.34997963
-6.95085588
-3.00449889
-0.546651459
0.243628407
0.003556665
3.07961406
6.08565312
3.13866045
-9.30557961
-13.0318002
-5.54327784
0.545811723
3.59186283
3.64788774
1.57819356
4.28812758
2.15841582
-4.1647374
-3.38846229
-4.88095569
-3.4204527
1.6222797
0.416877912
1.88439309
1.70634159
1.93842657
0.200844054
-0.825496785
0.031806178
-6.4083825
-1.0765494
4.80146526
3.10589505
4.27630653
7.12228563
8.42173785
7.81353747
1.7614836
1.54842021
-2.50195221
-9.23724315
-9.57634542
-6.32422251
-2.9450601
-3.0520872
-6.41922255
-7.17947793
-2.67493194
1.5935364
4.02037344
8.45089317
6.47923032
7.71366186
5.91605784
-4.16737629
-4.29440598
-0.002929963
-0.34503732
-6.05998035
-2.66780988
2.96512155
3.23722152
3.10318749
5.26593933
3.92248926
3.59538462
4.80881295
1.93383549
-4.09521393
-1.5623406
0.920520369
0.967546566
2.9772369
-2.20751487
-6.3189153
-1.88139123
-3.73300911
-4.10613246
-2.18546199
-6.27885126
-6.44089284
-2.19744
0.591522399
0.335445102
2.60122941
5.22613035
4.49289171
4.20179958
3.76266474
-2.96862372
-1.00894869
4.18883076
2.35721547
2.31620967
1.25286453
-4.49709039
-7.88824062
-4.66812774
0.433618677
2.24324289
3.50968446
4.693104
7.01590599
0.651739122
-11.7234405
-10.9731717
-2.30824395
2.0672613
2.96056971
3.97392309
5.64150537
6.60884985
4.12900938
2.47945788
3.08966931
3.10168656
1.35509454
-0.57755394
-2.86332318
-5.31115362
-4.42483974
-1.69890561
-4.48284627
-9.10640718
-3.86060778
1.02106404
-3.46245912
-2.60315217
2.33553537
1.69032186
-0.043256999
-2.00091627
-3.01525065
0.647004816
5.04051534
3.5210052
1.3642767
-1.1475738
-1.01151891
3.11189877
-2.01484647
-2.07685548
1.98753543
0.742122576
-2.3579316
1.58042043
6.33505275
0.335016405
-2.26086165
0.919233297
0.560118627
3.22903998
3.02797422
-5.90406021
-5.67797895
4.35245175
7.01137377
0.083013103
-3.38416551
-2.29978773
-1.17539496
-1.72757043
-3.50817372
2.95004358
7.39956528
-2.34474696
-7.02634383
-8.32477581
-7.05933486
-1.48142772
1.3095369
2.54096658
5.49098073
2.69103015
-1.95854688
-0.419016492
-2.56274478
1.85777856
1.45764828
-0.228921255
2.59204725
4.27763088
5.47404867
2.43902106
2.19294702
3.35035044
2.4600537
-1.01212713
-1.44126558
2.40005574
2.64513897
2.35404684
4.24770057
2.84423292
4.4667873
0.63449118
-4.28518458
-2.59359723
0.123338187
-1.34415639
-3.92202819
1.1357037
6.24845988
0.612539343
-0.23074101
0.91765683
-8.65460763
-11.0863791
-4.29110001
-2.71755639
0.380507337
5.49525789
3.47157261
0.904706649
-2.52845883
-6.44378679
-5.77855107
0.701663193
0.870726771
-2.87554644
-0.110594997
0.579646413
0.097488347
-0.232618644
-4.32001008
0.155526759
10.3000095
7.42202037
0.767754144
0.422642268
1.10688192
-2.87446734
-7.26996537
-5.48534979
1.28296161
0.102568455
-1.94312556
2.00523267
-3.29256954
-7.25691807
-2.31222681
2.57644935
0.545758749
1.95924339
5.35041324
3.55079817
-1.23582456
-3.10446279
-4.22883594
-3.97674837
-2.52724239
-0.506552103
1.64218419
-0.056387782
-0.01736939
0.785909511
3.04868313
1.8592893
-2.14007112
-3.24044901
0.905975082
4.05805365
1.64723634
-0.043334204
2.23045065
5.16445488
0.302797422
-4.88296674
-1.18570527
2.89369494
2.45054781
0.934035606
-0.58047732
1.4142096
1.82435589
-2.04196131
-2.07997506
0.071766821
5.9387778
10.5233832
6.70104423
0.219833271
0.490929678
0.688000806
-3.46841379
-5.11897572
-4.74984504
0.959108985
0.946107792
-1.5317334
1.90444473
7.00418304
5.25759102
1.44129501
3.41096643
3.16689363
-0.898493976
-2.98620324
-3.40634592
-6.97355622
-9.02926134
-10.8098352
-3.30029982
0.308939463
2.29561848
4.33232163
-2.7520974
-5.41700352
-0.539336142
3.68210502
0.769115772
-1.84777236
1.00620189
3.7211292
1.0012086
1.52938881
0.922183164
1.3713399
4.25932542
6.10796106
0.54306198
-1.3335714
3.84019317
4.76150913
4.85553798
0.019893307
-1.70669475
-2.05181055
-3.35725668
-2.785059
-2.87808723
-4.70070675
-3.45327696
-4.97179629
-6.96248073
-6.53732514
-3.78138222
0.308009475
0.15495876
2.41573212
4.84756245
4.07429901
-0.103125663
-3.51928845
0.177972039
3.35205738
4.14333198
0.771176853
-2.18383353
2.25768321
2.65582206
-0.956411235
-2.71700703
-0.846372465
-0.98342307
-3.64932981
-3.395241
-0.169141077
2.86689402
4.93659801
3.29003856
-1.06244262
-1.82871153
2.00160297
0.348034275
-2.21184108
-0.62229735
3.0839697
6.90226695
8.3507625
2.83288275
-5.69102625
-1.09246122
1.61045865
-4.46461929
-8.29392336
-5.93011557
-2.60598726
-0.096127994
0.890207469
-1.01744415
3.07495431
4.88156391
-1.88374563
-2.94410853
-2.25787941
-2.37192066
-2.39392449
-3.65535315
-1.17251082
0.071910145
2.59177257
2.75782644
1.83350862
1.04823774
-1.91377404
-2.17386657
-2.46797037
-1.36560105
4.2993306
2.47370922
-2.76908832
-3.04818282
2.45368701
6.13795023
4.10024646
4.03222392
4.27630653
3.74911713
-1.13654736
-2.91716046
-2.6040645
1.0031706
2.81378268
3.8701431
1.61636427
-1.90783899
-0.599396886
0.959131548
3.10785705
2.45163672
0.479955231
-0.93853251
-1.21063248
-0.281316465
2.7106992
1.89742077
-2.51708904
-3.22534161
-3.33838224
-9.01332009
-10.0906641
-6.91461774
-1.76286681
-0.379396845
1.78233966
4.16714085
-1.46377953
-3.66853779
-3.32443242
1.30114935
7.30818513
6.12777726
0.146734056
-0.253407996
2.26744416
3.12072777
4.35414888
3.44282931
-0.722597733
-0.619569189
2.2253985
2.6725383
-1.3458339
-1.77399135
2.91960315
4.33108557
1.74719043
1.03694643
3.04462179
2.98059192
0.481733784
-3.58966539
-3.60067221
-0.549640566
0.056559065
-2.70439137
-1.17387441
2.21527458
3.92884614
1.31995512
-2.14624161
-1.0748817
0.866773341
1.09184319
-1.12292127
-3.51774828
-4.64914539
-6.262704
-5.93359812
-4.14399906
-2.42241273
-2.8665801
-1.1109825
4.35586563
2.70230184
-1.3630995
-1.14503301
5.28614793
11.0910879
4.30479477
-5.14343205
-5.5715895
0.842586786
0.79456095
-1.23413724
2.20002003
2.44309221
1.12463802
-1.53528462
-4.96646946
-5.28658938
-3.4709742
-1.45330245
2.94318639
5.70112074
4.50670419
-1.41732918
-4.76047908
-2.87885241
0.107156592
4.79474541
6.4082844
2.55495564
-3.28904775
-5.49681768
-5.50482264
-4.08035178
-1.23739416
-1.70856846
-1.69558002
-2.81296845
-4.06941363
-3.98839284
-1.54557531
1.40642046
-0.767333295
2.41874379
4.29436674
5.15065221
6.78819627
3.01289625
-0.207220554
1.40131926
2.39163876
-0.541375641
-2.51206632
-0.437367078
-2.26900395
-1.43673336
1.68631938
-1.64783475
0.593915058
3.15477828
3.84599088
3.22677387
1.43914662
1.18104552
2.58550398
1.42409808
0.810871056
3.79487097
3.92590314
-5.49532656
-2.77341453
1.86815754
-5.20727553
-4.08191157
4.45499568
7.1158797
0.037451245
-0.502748766
0.231485589
0.69462648
-2.5254864
-1.56217383
0.864634761
-3.31180695
-2.74263075
2.58216858
4.54882833
4.22269488
6.67351737
4.84787637
2.75214645
-3.26292372
-6.15893382
-5.25864069
-4.29633855
-0.280981944
4.09748985
2.16881442
-1.92559509
-5.28476472
-7.63158159
-4.63457754
-2.4648606
2.68888176
5.39878635
2.37473613
-3.15016758
-5.21588871
-1.42361739
2.27462508
1.13921568
-1.95585894
-0.607416561
2.37357855
3.107808
2.22948927
-1.54381932
-3.62354913
-3.5655426
-3.8736747
-3.54758049
-2.44523079
-2.87439867
-4.92011721
0.926860572
3.66176889
1.26893331
7.25695731
8.03420361
2.65734261
-0.406724562
-2.71053243
-3.71690109
-2.28343446
-2.51053596
1.28374641
4.55283081
3.83256099
3.06428103
5.18797926
6.59243772
5.10991128
3.46632426
-1.54540854
-2.9779236
-5.01763842
-7.10237133
-6.72127245
-4.7996406
-3.60325224
-3.29116671
-0.22514931
2.85387615
3.04191423
-0.235226142
-2.03286744
-1.57272939
2.25654525
1.12413771
-0.571466835
2.18545218
1.01402046
-0.717592671
-3.21647337
-3.2675148
-2.2211802
1.17894618
2.9215161
5.51637882
4.2839289
-0.195625134
1.2878568
0.192453561
1.72795302
0.655558155
1.38678084
1.507797
0.147302055
-5.77174293
-4.26225861
1.28260845
3.34627929
4.94579979
4.18951746
2.14278849
1.92568338
0.974330181
-2.51389098
-0.99740232
-1.34655003
2.13160509
-0.368273286
-3.28129785
-4.24865214
-2.89722654
-1.68083559
-1.38276855
1.38013947
1.94030028
2.41343658
-1.6989939
-3.95280216
-1.96815087
-1.66608135
3.05450046
5.05315062
3.38254686
0.397500219
-1.67923656
-1.58123466
2.48011515
3.98359575
1.20461895
4.01054382
3.71040687
-1.74848535
-5.55882669
-4.64854698
-2.59287129
-1.82264895
-1.84068954
0.055928478
2.49472224
1.45634355
-0.595394406
0.044789811
2.21750145
1.85433525
1.50718878
3.41980524
2.84857875
1.52309079
2.09825109
0.599702958
-3.39369102
-1.52609265
-0.460764909
-4.66123131
-1.83630447
3.56550336
-1.47325599
-4.25424384
-5.11256979
-1.40033826
2.64000834
1.04842413
1.37950182
-3.19909986
-6.93541494
-6.53631471
-5.6460474
-5.79313854
-2.35499841
-0.166290291
2.92872645
8.99375895
6.71794686
3.3987726
2.22833169
2.64444246
-0.595706364
-2.86652124
-3.69184635
-4.38812091
-3.10171599
-3.05674695
-1.97041698
0.186283071
3.63942171
5.4169839
4.90477437
0.183120327
-0.972314226
-0.43717284
0.915247494
-0.199174392
-3.37629789
-2.33498601
-1.91988567
-1.71485667
-2.34510993
-4.30382358
-3.28352472
-2.03513355
0.623728629
5.06919978
4.88409489
2.78833554
2.12907411
-1.63125585
-2.24951148
2.55308193
7.88085369
8.8881543
7.0434819
6.29218305
4.85864775
2.89893348
-0.826379685
-1.74673917
1.02116214
1.81138707
1.72131165
1.03403286
-4.79900295
-5.32222911
-4.52801151
-4.73011713
-3.19564674
1.8720423
4.40885925
2.63420082
2.07596277
2.84218263
2.59304787
-5.20465626
-7.26741477
-2.64588453
-1.96669899
-4.12248573
-2.91511998
0.251912952
1.62733185
0.306834237
-0.793590741
1.95830163
2.68049421
2.37434373
2.81443995
0.151484058
0.110420379
3.61356255
1.54080765
-2.88275679
-1.91447055
0.134175294
-3.3680673
-1.33142301
3.23208108
1.98860472
2.30665473
1.60336602
-0.054249987
-0.778549068
-1.63489536
-1.79500437
-2.37025296
-4.48302285
-3.10861242
-2.31938811
-4.68125352
-5.28751152
-3.12282711
0.243267399
2.02682448
0.721321452
-2.3097645
-4.41854172
-2.62698066
-1.70372232
-1.82781882
1.20115602
3.38184054
3.1797153
0.405717075
1.57805622
1.27990089
-1.61513802
0.897659145
4.63688289
3.68349804
1.43867574
-0.562067874
-3.11399811
-2.26976913
-0.033060289
2.53675809
5.69777553
6.96114657
3.37186377
-0.971672652
-3.15847665
-2.64336336
-0.166575762
2.21217462
2.05206561
-0.07072235
-0.030768869
1.18258569
-2.41470207
-3.5141382
1.18940364
0.246022047
-2.78207676
-2.66309127
-1.83487221
0.859985802
4.18006062
5.82155811
7.05591117
4.89210966
1.60092333
-2.73761784
-4.26720285
-2.91080358
-4.64045373
-5.66487279
-3.92334273
-0.145113444
0.826154055
1.3642767
1.04409792
2.74361175
1.65717387
-1.46195487
2.93448492
6.66969147
4.05273663
-2.47556331
-4.24722969
-4.05122589
-4.26436776
-1.39445226
1.05531075
-1.13849955
-0.482346909
-0.566444115
-4.76094015
-4.54993686
1.6160994
3.49267392
1.82403216
1.55687643
1.15666767
0.074063734
-1.38532896
-2.58870204
-4.0788018
-0.760368195
1.87093377
1.98161019
2.59172352
3.62750256
4.44590181
0.868284081
-2.63478942
-1.06215813
0.526191723
0.943711209
-1.83080106
-0.945854694
1.94788341
0.814037724
0.35444511
0.309195504
0.113323158
0.653087016
2.96354214
2.08052442
-1.5557679
-3.69192483
-1.42385283
-1.84782141
-0.305940546
2.4762402
2.12760261
-0.957739509
-0.490052664
-0.459688752
-2.14724223
-2.1331845
-2.76929433
-0.931585068
-2.00552697
-1.13232906
-0.693884844
0.124387857
0.65144286
0.507851928
2.02842351
2.79577152
1.92998016
0.86677236
0.434552589
-0.650214648
-0.091776768
0.407284713
0.544418703
1.46762505
3.34429767
2.06837964
-0.112745349
-0.768840111
-1.54496709
-2.45846448
-2.59117416
-1.85517891
0.619998867
2.31941754
2.16951093
0.810369765
-0.336156327
-0.954198099
-0.548867538
1.85074479
2.39199192
2.20595508
1.0303443
-0.96460749
-1.69797366
-1.93298202
-0.800355717
-0.761977035
-1.43258373
-0.045935325
0.263269008
-0.094061615
-0.934694838
-0.344346696
-0.428203557
-0.735630318
-0.646736022
-0.626356728
-0.552830778
-0.847422135
-0.853005006
-0.374865606
-0.267537339
-0.07107139
1.64406771
1.52100126
0.330653898
0.047950201
-0.05111167
-0.791565957
-0.741779226
-0.261074511
0.336553632
0.255159081
-0.081822169
0.372654432
0.236128662
-0.044842589
0.414785439
0.833019093
0.566072316
0.11147103
0.136843614
0.256878774
-0.263294514
-0.487681587
-0.364756401
-0.231757326
0.12087882
0.541751364
0.558403839
0.472383873
0.489643587
0.379331118
0.08031859
-0.050806579
0.12396897
0.071402674
0.041363375
0.093717284
0.032714094
-0.027684605
-0.120340251
-0.138869379
-0.096903867
-0.05057212
-0.038336401
-0.03209214
-0.050007064
-0.06469283
-0.061456805
-0.070709891
-0.069418895
-0.059346478
-0.058141516
-0.060029156
-0.063797275
-0.072237603
-0.079926779
