1.00094373
1.18003509
1.34711901
2.00336877
1.09007739
0.54891855
-0.179305218
-1.02056373
0.729055656
-0.317276982
-0.772407027
-0.234198054
-1.20650247
-1.32751863
-0.746296731
1.20639456
0.34812747
-1.3764411
-1.05029784
0.185147073
-0.130935051
-0.945187614
0.241242615
0.41832783
0.50838363
-0.674994708
-0.7539966
-0.34683255
-0.089719023
0.7185825
0.891666216
0.588588228
-0.183650067
0.113477175
-0.867832821
0.156542094
1.15190982
-0.159515505
-0.677666952
-0.949734549
-0.215458992
0.634857093
0.435814155
-0.460466685
0.21278871
-0.131302926
-0.184296546
0.173851839
-0.834467049
0.009846101
-0.339247458
-1.37257596
0.287017056
3.97629711
0.245052819
-1.68458301
-0.361103157
-1.22037381
-0.061950641
-0.863198577
-0.570073815
0.609354036
0.060192296
-2.52866484
0.120263733
0.474409638
-2.02241979
-0.148752954
1.83495069
-1.16404479
-0.492793578
2.85737832
-3.99493611
-5.7815235
1.51099506
2.54036817
-0.010477571
-1.63800513
1.11495555
-0.016403693
-3.74365296
0.822933432
1.87732008
1.05406488
-2.726199
1.44224658
4.05215784
-0.235276173
2.07554094
-6.64140924
-4.10552424
9.68620761
2.52378927
-4.09143708
-2.20076559
8.06576238
6.39921996
-9.9263466
-2.61580707
13.5557523
2.97914985
-5.84483724
-6.48002493
7.67682531
5.14899432
-8.97680727
-11.2345101
1.17570888
16.8821271
1.910007
-7.00500708
2.54228112
7.31993751
-6.23967012
-5.64043608
6.50473632
23.564601
5.29536933
-10.380942
-7.12881909
-5.58626526
-1.17173583
-4.62089259
-1.11467106
14.4266841
8.65171368
2.80774953
-8.50309218
-9.6574545
14.2227342
16.2274077
4.1293233
-5.57396352
1.21037742
-4.55656842
-3.6842436
-8.50286655
-11.9069856
5.4549486
-2.41671312
-9.04895001
-10.916568
1.04955228
2.66112927
-9.30493215
-9.41994459
14.2502022
14.5812897
-15.1747947
-20.7106758
11.2401999
22.4860896
-20.4345243
-10.6881912
9.14361651
16.6082319
-17.2173348
-14.7355029
25.2751707
2.63451474
-20.683404
-8.02707174
29.9878947
20.309643
-22.1867865
-22.3378605
17.2376415
16.7615622
-9.23030748
13.7345886
22.8307149
11.2647249
-18.4383855
-14.7700341
18.9334962
9.0100926
-10.0753605
-21.5842563
19.8148266
21.8565819
-16.190424
-13.7845215
14.0249646
19.5128748
-16.4283165
-11.0875563
3.40545321
-8.14146615
-11.6776278
11.8494009
37.8472743
23.9135427
1.55197143
-3.85084683
-37.1911815
-38.1724758
-53.1846207
-69.9083163
-66.2690025
-51.7960152
26.4426588
106.496379
76.6668177
-5.90730732
-37.1009295
-46.5420735
-5.77718748
-1.07655921
9.68314689
6.84420156
6.87122811
29.8600704
63.8357301
7.95567456
-66.3746562
-60.0434784
-39.8636217
5.22884772
-32.9531634
-12.7882179
0.210204756
-37.857771
-6.84815499
52.0409709
56.5845705
17.6163075
11.1810456
21.5656173
-9.08077365
0.648575397
39.0317337
-0.282693789
-66.435282
-3.72281652
63.8582931
33.5679561
-2.04817104
11.3094585
14.0903973
-12.2375826
-23.3303382
-6.79567149
10.9714059
3.78998559
4.09411521
2.52560412
-1.79384679
0.396929277
11.071566
6.92020944
19.4034933
6.39507033
-2.12980986
18.7153218
-9.53929305
-78.1656876
-94.1310702
-2.74389624
120.549204
109.369728
54.2195757
37.893087
21.7505358
6.10726455
-1.48029957
16.0376823
23.4012645
59.9357646
94.8007008
102.065202
113.723406
118.204614
110.187882
79.9447311
21.4047333
-27.1147419
-95.9352273
-165.893967
-199.478502
-207.879786
-173.387826
-85.5295641
23.6176731
20.1125601
-50.1684381
-77.6337894
-87.6271383
-105.694902
-139.960251
-158.218623
-100.929204
74.7233586
161.679591
259.681491
186.992334
-33.0123177
-26.0359362
-31.6958157
8.89205868
79.1260866
150.400053
176.064975
148.380174
92.1295359
52.1039511
1.69476579
-62.0879805
-87.9057423
-192.466314
-294.372594
-214.855677
-155.754351
-32.6267847
121.170177
32.9055849
-73.440603
-111.139452
-111.398436
-127.110132
-153.132138
-106.957449
-1.51194663
33.2959248
6.72391134
50.0066712
133.704414
122.489622
52.7717178
46.0655037
53.6110614
77.4572094
77.5482462
8.38168362
23.9740704
51.2063361
37.4766525
37.2126654
106.799508
137.91879
133.495461
32.0799753
-43.2097146
-33.5844369
11.868138
57.4127307
10.2016152
-30.704319
-53.5451382
-49.4887032
0.457378497
50.4074097
89.181729
81.2780082
-15.9021081
-84.9776535
-54.0350496
-6.66289314
54.473949
120.749328
134.875728
143.573274
-11.9685924
-113.288823
-69.7242807
-11.0181996
15.4168074
-28.6681554
-65.7108135
-97.8407217
-70.4683692
18.6100605
17.6627088
-26.3271951
-88.5394683
-108.883152
-37.2948732
-10.2536082
-20.3260257
-13.0566195
12.0950433
70.0278021
103.169808
137.588193
54.1514943
-61.6069962
-58.5779625
-18.016065
-21.7112958
-67.7300058
-2.61075492
13.2477183
-41.7070188
-64.3838148
-61.4427768
-37.8316764
-26.8708653
-38.4978735
-46.3075164
11.9874276
93.8814057
136.691559
168.207165
139.443264
32.8346586
-83.7041193
-192.056256
-232.200738
-228.169809
-168.007041
-65.4126876
-52.8124293
-28.1529342
42.5001573
78.0813216
65.7280791
60.2342829
99.873648
126.691245
89.5893345
12.2189436
33.8103612
34.8247152
25.2915534
31.5727002
0.231997671
-3.55827339
11.2328424
26.9091243
41.6402127
65.6324316
88.1471664
34.9259544
-44.6181363
-62.6062428
-17.3847915
42.3435897
20.5811838
-26.7769836
-75.6725742
-96.6917745
-61.3286865
-35.5418262
-3.42085491
21.9788145
20.9534733
4.04975439
1.63595484
49.2502221
71.9420274
60.2420328
49.6694034
35.7527412
-12.6788364
-22.7141721
-22.1690304
-37.220121
-35.2553742
-32.4654102
-15.7357305
-3.90765654
33.9742863
32.8178835
-10.4748237
-22.110759
-41.1522633
-55.5321537
-53.265357
-37.7110134
-3.93147522
20.3077791
36.1342521
48.2084001
49.9730229
38.4920856
26.5000473
7.98374097
-7.98468273
-36.2472633
-73.2119319
-59.518251
-31.3075359
11.0979549
51.84585
5.32200348
-57.8334816
-43.6886388
-23.2876647
11.04606
75.4510644
101.865078
47.3645439
8.04110004
10.6300179
12.4466337
12.4266213
6.92780238
-17.273448
-35.0754588
-38.5737048
-29.1723894
16.8053148
4.14097758
-20.3563386
-21.0935601
-6.74367849
-20.4373692
-27.0945333
25.1853111
42.1030485
19.396332
-3.53945781
6.03082503
11.0575377
8.62875828
-4.45569219
-10.4747256
-6.72742332
-5.55800265
-10.8497619
-3.2641794
3.73522617
-6.57026712
2.52085608
4.58457597
-20.1828978
-13.0183605
23.1610176
7.5906837
-4.2523407
-3.60709776
-13.7725533
-6.51204477
14.3820486
12.319398
7.78589289
7.66286568
-7.40325384
-19.9395117
-3.09273984
27.1535895
7.74399438
-20.417553
-15.6669624
-9.5138361
-10.3821192
18.0455931
31.9043763
3.76577451
-15.9209433
-16.0629921
13.7052567
27.5939604
17.5205619
12.9320325
-1.96604172
-20.5733358
-8.97239277
-5.90332446
-18.708651
-21.2125554
-28.8640611
-21.3814836
-16.9559964
-10.135692
-9.16630704
6.89719518
15.5352141
18.1521297
32.8800789
16.0704477
2.945943
-0.656265456
3.90931443
6.67627398
-7.85566161
-14.2008579
-4.2293853
10.8907677
23.9682825
31.0886748
10.9178433
-8.31569175
-10.7404785
-12.3969951
1.9278612
15.5195181
6.53147838
-13.7994327
-40.654602
-28.629504
-0.685913238
5.75630199
23.5674459
11.0641104
-1.61615826
-2.19433023
11.648394
19.0689723
11.6764506
16.9243101
5.99855013
-3.30060393
-5.53133907
-21.4427961
-25.1120304
-1.12478517
11.8366479
8.70661044
2.62355697
2.39649471
1.49820282
6.60096261
24.6481155
30.9232782
26.5888278
11.7868131
-7.34470776
-13.8538782
-7.92185949
-6.78345804
-10.7927658
-7.15755258
-3.4862778
-16.6087224
-23.8322178
15.3072297
30.7174644
7.12143216
3.13108713
3.81234258
-6.25708287
-11.166723
-9.4011192
-3.50108109
15.4953855
14.555097
-8.9178786
-17.2506888
-15.6981582
-12.0499173
-13.6544409
-12.9601872
-0.870025356
5.34111336
8.11107477
4.71092877
-11.7566964
-23.5906956
-27.3028977
-23.9467986
-19.9273473
-13.0310154
-7.41608532
-4.15095435
8.26130511
12.4857756
7.6911381
11.4854499
6.75885456
-16.5660489
-33.1757523
-31.2410241
-6.42757086
7.7963013
16.7733342
20.5416495
27.668124
14.5506825
-15.613596
-16.2968625
-8.52515487
-10.1557044
2.58167808
12.7841958
9.9451818
22.9616784
6.43605651
-4.54967199
10.1864097
18.6783381
1.69451073
-6.41724093
11.1527928
12.9613644
17.9701542
12.7823319
8.70900408
22.6498185
8.55897975
-3.34806471
-1.96557084
-12.9213396
-21.1960746
-20.4588531
-4.18727097
3.96453492
-4.5963774
-3.52498806
2.58210972
2.26101861
-1.83336147
-4.44224268
3.54450015
4.9820085
0.352445832
1.04769819
-2.26241163
-5.07636108
-10.0700631
0.654630129
17.0322201
16.1469657
15.4117062
-12.4647822
-31.6762938
-18.9890208
10.6991784
28.3402071
16.7572458
7.06197375
2.13331203
7.02299862
13.1501088
0.234710136
-10.8260217
6.92202429
6.21880425
-6.89166234
0.0417235
-1.50978843
-8.88428916
1.19616273
5.63169537
6.68507355
14.7468825
4.54037211
-4.47269292
3.051891
3.32400078
5.08061862
5.37173037
-10.3275756
-11.2879746
-11.4809373
-17.5320396
-12.2831991
-10.6927038
-4.74561693
13.1984721
18.8984745
3.5742735
-4.93061391
-3.3680673
-11.013687
-12.9723516
-4.70248236
9.8474742
12.4634088
7.04557143
7.41471192
13.6548333
0.281310579
-25.2903762
-25.2713448
-25.6324509
-9.32290407
2.84426235
6.76261179
2.1450546
-9.9990387
-14.0104458
-8.48253042
16.0598529
12.7347534
1.31485392
-1.66915188
-1.21197645
3.68670591
9.58373235
3.21157818
-12.1826466
-13.3400304
-3.29660145
2.3423337
3.61378818
4.85122158
4.43909367
1.15999326
-3.62662947
-2.22013053
-2.50021584
-0.451503288
12.6740295
3.7859733
-22.9081158
-32.2962858
-16.523964
7.00612542
7.41928338
2.193516
-5.23200654
-9.8935812
-8.70316713
7.02521568
22.7695986
33.2171505
38.5810623
34.2135522
25.4505735
13.8826215
3.4851006
-3.15114858
-8.56798533
-14.8431186
-11.7130419
-10.2375198
-2.87698851
4.86066861
-2.41680141
-11.7599337
-10.9147041
-4.99763583
-2.26869984
-5.32772271
-11.4117768
-0.830164383
6.68241504
-5.92787889
-4.15926342
8.30300742
19.7028945
15.7895874
-4.2422364
-9.66807873
-10.0391616
13.7719647
17.7922989
-3.50691804
-9.29687814
-11.5476453
-5.52657141
3.40649307
11.1320937
8.28017955
0.6155775
-10.0831104
-9.24675885
-5.54648571
-11.5745247
-18.9930429
-13.9162698
-6.68082582
1.09684629
17.9256168
21.3698097
19.6852365
13.1840514
4.86018792
-8.17524198
-3.72170799
8.39443662
-9.971865
-20.2602987
-12.7097379
-10.3218858
-1.95903738
3.28676202
-5.95137384
-16.1478486
-16.2668439
13.9654179
20.0795985
12.7150353
13.5333855
-6.45245883
-12.5114778
4.28523363
15.4920501
23.3327907
8.85582054
-12.6285111
-10.0585854
8.35068402
6.7861656
-14.0419359
-8.15790771
-3.98947194
-3.65435253
1.89455625
5.22370728
-1.98174753
-11.0018169
-10.9097991
-10.4596182
10.0643733
20.4259896
18.2282553
15.473313
1.22944806
-11.2328424
-25.0355124
-20.3438799
2.62396899
19.4377302
14.7491388
7.69773042
0.94743999
-18.4811571
-29.5329069
-12.2440572
-2.59872786
-9.04191624
14.0259456
35.9494317
36.5326362
26.0921475
7.16667588
-2.4525981
-4.53530034
-19.9475559
-24.7551426
-16.2292716
-3.43288197
-0.59489802
-11.1144357
-16.456275
-20.211543
-17.47161
-5.13839952
4.24981953
7.23285414
16.2719451
8.04415095
-0.826870185
4.06481274
10.5760629
18.5827887
12.4856775
7.07488371
6.06354138
6.89283954
3.02753277
-9.52574544
-3.43365696
12.6818775
14.5685367
4.0209228
-1.50895458
-4.28188842
-15.3336186
-13.8921372
-4.83105222
-9.21153114
-4.50892125
9.22677588
7.81530327
4.90532373
3.28578102
-8.77032639
-19.6810182
-14.6573172
3.11276205
6.99710022
1.38819348
9.69603723
14.2095888
-0.747506304
-21.4025751
-26.5492935
-14.6162133
-8.08296912
-8.86422771
3.81310776
23.3208225
20.2837446
7.97355819
5.03756253
5.37469299
13.6935828
7.38439902
-7.452657
-0.671336559
11.572857
10.7045739
1.92457485
-2.27685195
-7.03446651
-14.1688773
-13.2305508
-11.1308184
-10.1264706
-3.58524108
0.412134777
4.75662375
6.8743575
7.0464249
3.76131096
3.30816744
3.69230742
-7.66556343
-7.26741477
11.3859765
26.2870722
22.0686741
5.64102468
-8.36173989
-20.7719883
-20.1077532
-1.67143761
4.99384917
6.74345286
6.5774088
-4.79946402
-8.02255914
-3.06485982
-4.85646012
-17.0826435
-18.2970234
-2.36958588
17.0960832
23.1191289
12.5425755
7.89495066
-6.08981256
-26.7938568
-20.5427286
1.94695146
17.2221417
15.9787242
-2.16542016
-16.7174172
-4.78130571
7.89602976
1.57889007
5.6492847
-5.41648359
-7.36013889
8.24419647
-2.99863251
5.05212057
12.7327914
-1.49910534
-4.638168
-1.64113452
-2.54043684
2.59132131
6.66973071
-2.95455618
-1.67810841
-3.52573362
-20.1023577
-14.1723108
-6.58275525
-6.55173603
3.34565145
8.73750213
13.573116
14.5235088
9.39175065
21.2997663
25.4291877
7.2520425
7.30706679
-5.23221255
-21.1096485
-15.8798394
-1.7910117
2.18835594
-6.12047862
-6.44358078
-14.7394269
-20.5963893
-7.75800306
0.800922735
1.77426603
5.25745368
2.85864381
5.35850649
5.64161328
-1.09467828
-9.37950777
-18.5396247
-23.3942994
-10.283823
23.2196814
46.3615695
41.9610978
3.21184305
-14.4371808
-15.0344136
-23.938362
-14.0220216
-0.155273661
9.56705535
19.9186164
14.4307062
-1.6087419
-4.81483629
-8.71715619
-10.3686795
3.51503091
1.98951705
-7.47270864
-5.45800932
9.02293389
10.4834565
-0.501301791
4.32734796
6.78020112
2.32768737
-0.459262998
3.74517351
13.4674623
7.99864236
-4.92176529
-12.833442
-12.0502116
1.45743246
8.3798001
4.20038694
-15.5773971
-17.9181612
-2.34183339
6.58021446
7.62157539
5.87799504
4.59556317
-1.45850175
1.67756886
5.84900649
0.861306228
-2.11470246
-7.72561044
-14.8410585
-10.9216692
-3.92330349
-0.47011482
-4.26840948
-9.29411172
-12.5011773
-9.05302116
1.75767732
5.61199689
12.9225168
19.8748638
26.126973
10.5637023
-10.3994829
-12.2130576
-7.27236882
7.4726694
14.0219235
2.37694338
-8.09262216
-4.92454152
-6.53508846
-7.52541777
2.09686788
6.29130996
-2.39264919
0.890475282
11.2309785
16.1797311
12.4044507
0.949515786
-3.39096384
-4.67439633
-3.85411356
-2.80674891
2.49906807
-0.346898277
-6.98015835
3.235338
14.4822087
-5.17553037
-13.3953588
-1.90440549
2.30703732
2.80221669
-6.22386621
-14.3695899
-15.5680776
-6.74403165
-0.907030638
16.7130027
10.0977273
-9.40891815
-9.67500459
-18.8560953
-25.8374799
-7.86437289
19.6630659
29.7705051
20.5693137
-0.497843766
-6.21078948
1.60088409
5.46419943
1.93300164
-6.51588048
-15.8120523
-4.3711398
12.2905566
11.6163153
15.0424578
3.30750036
-11.2755159
-7.35013269
5.1711453
11.8133982
4.68999423
-10.0950786
-22.0341429
-36.9221913
-27.4019787
18.7067871
29.9796543
22.4431218
14.4143235
9.00249966
13.0538727
3.91076631
-18.5349159
-14.6435832
-10.2281022
-9.74588184
3.4526295
5.31326277
-1.93921137
-2.61743553
3.45564117
2.60334837
1.04382324
1.66304025
-1.07589213
2.71340676
5.49235413
3.64673016
8.09325
0.34760754
-4.8651714
1.34695224
4.92217731
-5.28330303
-6.37866801
-5.09623614
-13.5931284
-9.11359791
-3.60671517
-3.01650633
-1.13086737
1.05088644
-8.36332911
-16.3620009
1.39301019
15.9319305
16.9633539
16.9352973
17.8656777
9.7798833
-1.09482543
1.1339379
6.15465666
-8.26326711
-16.9011585
-3.85174935
-3.06847971
-4.41594207
-5.56833258
4.91525145
18.0607005
15.7459329
0.231658245
-12.4176942
-7.63702614
-2.26518786
-5.42926602
3.99995883
9.9269352
-0.077430821
2.48944446
12.6348876
9.507852
-5.3632251
-15.0585462
-27.0856062
-21.8088072
-3.62062575
13.3391475
25.7064183
16.0240464
-0.9396999
0.534804903
-2.54924622
-10.942074
4.34311263
17.574615
16.6813164
9.02271807
-6.46257294
-17.3052324
-18.4906728
-11.9644722
4.87230327
7.54422354
2.48849289
2.38345722
1.18005471
-9.66364461
-11.6303436
-0.939666546
-1.98402345
-5.95637694
-13.9670856
-12.4876395
1.8742986
14.2885593
12.1818618
0.311772591
-4.32680841
-11.8744164
-16.6850442
-2.6062227
7.38919611
13.5013068
6.11776125
-3.4795089
-7.44486786
-4.1797467
18.1518354
28.0352142
22.4073153
-3.16439208
-15.6756933
-16.5840012
-16.1407854
-16.9270569
-10.7719686
2.16843183
-2.166048
1.92935232
14.2135128
12.9801015
8.1284679
11.5526484
16.8874245
2.73562641
-6.83063433
-6.55053921
-3.45948669
-1.48480236
-11.2701204
-9.44451864
5.83669494
18.9231957
12.9781395
3.59293212
-7.14873339
-13.7590155
-13.8780108
-12.6736371
-0.813570768
20.8808793
19.7084862
-1.53381312
-11.7503199
-15.8447196
-7.13272347
5.35054077
8.85973473
-1.14668109
-14.7083292
-13.1617827
-6.58053819
-0.656512668
8.08447005
8.24052753
5.91773535
11.1615237
8.6856759
5.34653829
10.1461887
12.0278448
1.93637628
-9.37548567
-16.7850081
-6.94065348
13.2491898
9.70102071
2.47456269
5.43656466
4.73632686
5.64863724
7.16215347
-5.96432304
-21.5586522
-21.6377208
-12.7116018
0.860005422
15.1298649
11.6737038
-1.47579678
-3.02831757
2.3585202
2.145447
2.55358224
3.2568219
-6.82362018
-20.2702068
-17.5652955
-8.2150902
-3.28241619
8.34655401
10.5053328
3.06375129
0.613915686
1.15309683
2.21145849
7.18215606
1.21211379
-8.07705369
-0.816575571
6.31785582
8.41257531
7.90339707
-3.51850365
-14.040072
-10.9620864
3.78799416
18.0638397
20.6187561
10.165122
-5.92933077
-8.74629189
3.4758792
5.49857367
2.80464957
-0.557499357
-6.66358965
-2.34110745
-1.61686458
-7.95202524
-10.5038613
-14.8723524
-17.8913799
-12.9947184
-7.94503071
-4.19275476
4.1160798
9.00575658
10.8403443
13.7753982
18.178911
18.9731286
9.71499015
7.4292111
1.10604807
-12.6907065
-14.9544621
-17.1751518
-17.8104474
-9.2224791
2.23242246
7.74030582
6.76396557
8.5765887
8.04640725
2.56052772
-2.5092018
-6.54158268
-0.009351991
5.49952524
3.54086064
3.1077099
-1.89799956
-8.46624582
3.19173255
21.8630565
14.9057064
-3.51155817
-8.09113104
-6.52259052
-8.65532376
-8.50627062
-2.01005919
-3.07842705
-6.10445889
-5.87438496
-6.5866302
2.08833318
3.54782574
3.80891889
10.2531177
5.22739584
-3.50458326
-8.04313071
-8.301222
3.70986732
7.35111369
6.01766001
9.54685656
7.68222081
1.62315279
-7.17785928
-10.1668878
-4.48294437
2.15032257
3.42475929
1.77018507
2.68149483
7.32007485
5.56347663
1.1429631
3.34171764
-1.84105251
-16.4410695
-12.2635791
1.33802514
4.31803827
2.63745774
4.7361699
0.394690635
-5.70339666
-6.25458132
-2.79540855
2.46739158
2.04124518
2.88752445
2.26131291
1.04589315
1.6320897
4.94722224
7.46607708
4.96122111
0.216598914
-2.43731412
-3.6847341
-7.96820193
-11.3994162
-11.6544762
-4.56105159
7.74615258
14.7315789
7.55808507
-3.7547775
-7.60409397
-7.36901694
-0.002508751
-0.152562177
-4.07390661
0.460641303
-0.131563872
-6.79383702
-0.029533986
9.11158686
8.55138681
8.47235745
2.16120186
-0.877837059
6.21557676
1.9961388
-9.02962431
-5.95558233
-3.94789716
-10.9422702
-6.11163981
4.63501899
4.38593328
6.55266798
8.05117491
3.81073374
-1.00191492
-2.50443414
-3.9329271
-6.7388814
-6.30674109
-6.44678865
-0.370718919
12.0714993
13.1558967
1.32985341
-6.59785284
-0.677839608
7.09480782
10.1818971
9.16451181
3.45756393
2.21612805
-0.423771399
-3.79192797
-3.03866712
0.18142614
0.367486524
-7.51920804
-11.5005573
-4.49618787
3.15142326
0.664571583
-4.43817153
-6.52888854
0.016340223
1.10570472
-5.94670428
-6.29982504
-4.10007969
-8.57160522
1.57684959
16.6689558
10.9500201
8.57723616
10.386828
2.61418842
-8.35555959
-0.75296655
1.34874747
-2.76366339
-6.62897997
-2.02641246
6.09635583
1.63482669
-2.62562688
-10.2722472
-9.23588937
2.08596897
10.2037734
10.6078473
8.28207288
2.25601551
-7.15320675
-8.20456407
-0.337884849
2.95423245
-2.48362713
-5.85177291
-2.91277539
2.13894297
4.27266702
1.12659021
-2.83476627
-6.73510455
-3.11086872
2.67810057
-2.81977659
-5.47968942
1.01452077
2.83313781
3.0001923
4.17459645
0.008166982
-0.802113669
1.0725273
5.70110112
7.21660878
-4.06924686
-12.7071873
-10.460403
2.02982634
6.05319183
-4.00423599
-5.41172574
4.96981467
5.61702942
5.77307709
8.55602694
9.44031996
3.27921813
-4.82554881
-3.85322085
-4.28538078
-3.17999979
-3.37907412
4.48360164
6.56331183
-3.47312259
-7.21340091
-8.68290948
-7.68556602
0.731300184
1.0173951
-4.67655453
1.14542541
7.04443347
5.07876453
1.56555828
-3.20507415
1.2474396
9.37721223
10.9977948
9.14012415
7.84068174
-0.203071905
-6.89035761
-9.1421352
-6.97139802
-0.305123373
0.576172692
-3.78631665
-4.97673072
-1.7686449
3.90229047
9.26012007
0.70519185
-5.91107436
-4.8477096
-6.32422251
-3.51726759
7.67354877
10.7376336
5.63184252
7.29640332
9.56418102
5.81888979
-0.216169236
-5.86710594
-12.5993754
-14.860188
-3.21420726
3.9332214
-2.34992664
-0.314232939
-0.796402287
-6.30028611
-1.52766225
2.23161804
-2.77108956
-9.43137324
-8.9322012
-1.44065736
1.72542204
2.48567742
0.697064265
-2.05888356
1.37628414
1.28025405
-4.353678
-0.968526585
13.9656141
14.5848213
3.21588477
-3.43638414
-1.52173701
3.80407275
3.98313468
1.88241147
8.26258041
12.8021481
-0.687479895
-5.7412044
0.135792963
-7.43079051
-9.5915313
-5.79724893
-7.42980951
-6.46648713
-4.15270053
-0.859578687
-4.35977982
-2.01398319
5.27750532
11.2365702
5.62161069
-9.20745999
5.40552582
14.7647367
-3.35046816
-7.21379331
-2.37915063
-2.28512178
0.866951883
1.2760848
-1.87099263
-3.8126565
-3.70262754
2.73156507
9.72294606
16.8193431
14.7956382
-5.77136034
-14.3812638
-4.50993168
-2.06610372
-4.44692205
3.81489318
6.95396565
-2.79236745
-5.56532091
0.581771259
2.06326863
3.7208349
4.53410352
-3.34259073
-1.74504204
0.333658701
-2.79341712
-0.387596043
0.178592031
-0.32558409
-1.75407705
-3.00650994
-0.434635974
-2.08120131
-3.42666243
-1.86113358
-6.29465517
-5.06623716
1.1878929
3.62971962
3.76975737
5.61639177
8.65542186
11.4553332
7.7701086
-1.74714138
-6.26768748
-10.221039
-8.89359885
-0.235646991
3.06948033
2.26920015
0.068442899
-1.03193352
-1.65715425
1.01874888
5.59531008
6.80871879
2.85836913
-3.15168813
-0.91492965
1.44486585
-4.43714148
-2.88362007
5.14511937
2.5492266
-0.409785282
-5.59456452
-7.60224969
-3.15173718
1.31478525
-0.080696668
1.91898315
3.13339248
2.32010424
5.39515665
1.00965501
-2.46653811
0.336413349
3.9326328
0.58048713
2.33308287
-1.37518542
-5.45358501
-1.13611572
-6.01678692
-8.70870978
-1.21215303
1.42073325
0.369372987
0.878542398
-0.350882118
-2.04946596
-4.65736617
-6.38295498
-2.58566094
1.08158193
3.68947233
6.05927403
4.33967913
1.79180631
0.1222326
2.55206169
0.588383199
-6.14591595
-4.60140012
-1.52435628
-3.81413781
-6.58509003
-4.94353368
3.88347489
10.1715966
11.4420897
7.69176594
-0.97119981
-2.3656815
-1.29332097
0.123159645
2.35391931
0.779374089
5.20688313
6.74340381
-3.50810505
0.471250818
6.14818206
2.7710307
-1.36438461
-4.23037611
-4.46146047
-3.69420075
1.91171394
5.72200623
2.82601575
-3.17803779
-3.7872486
-2.91696426
-4.16939715
-2.80093158
0.833306526
-5.33980863
-6.292134
1.62056295
3.55621329
2.39181534
-1.4254911
-4.34149398
-3.27512736
0.912293703
4.45849785
1.92063123
-2.4998823
-0.917348796
1.44945693
0.113994162
6.53318532
10.5785154
4.95062631
0.662163228
1.65149388
3.24604071
-0.98241264
0.00792285
-1.55561094
-9.4783239
-10.7157573
-6.56933517
-5.36593266
-5.40294579
3.56310972
11.776905
8.70185259
5.30368821
1.17826929
-3.70139148
-8.02787616
-8.12291544
-0.472306374
5.86484964
4.58641044
-1.24158303
-3.81045906
-5.40900837
-3.50136558
0.950149512
5.6207376
9.55607796
7.54238907
3.61904634
4.70640636
0.190865322
-3.90553758
-2.23997616
-4.60178271
-7.29670743
-5.24101212
-0.615435255
2.3405679
3.00079071
-0.426382821
0.023766883
-0.14329467
-2.39806431
-4.16467854
-4.22969922
1.18314486
4.27319676
1.79833977
5.47959132
12.7020861
5.88272346
-4.64686947
-4.57285302
-2.54116278
-2.71322037
-1.81992177
-1.83292983
-2.63521125
1.15007535
-1.03467051
-3.37747509
1.9343358
0.675901152
-0.664559811
2.56253877
2.47150197
-1.18974699
0.135697806
5.70859596
4.25209545
-2.01804453
-2.41918524
-2.62526391
-3.61260117
0.324735525
0.170679285
-4.48491618
-7.83005751
-3.3645357
5.42445912
5.59751733
1.35606573
-1.99608975
-2.14214103
-3.33055386
-3.46559832
5.06630583
7.2970704
1.05293673
-0.713674557
2.22332859
1.86819678
-3.86075493
-4.34492748
2.95955928
4.97124693
3.14461512
0.953866521
-6.15355794
-7.5260358
-1.01781693
-0.424618002
-0.172535337
0.250605279
-0.125525817
4.26896865
2.92150629
0.605713545
3.96886113
1.39297095
-3.91283622
-4.85216334
-4.06690227
0.117526743
3.88881153
1.48698999
-1.69209747
1.62802836
3.32060652
-2.44336689
-4.72015017
-4.30801245
-4.16096055
-4.52008503
-1.29799053
3.51564894
3.65169402
8.04519081
8.25225048
7.98616404
2.6723421
-4.14398925
-1.11895803
-0.716821605
0.887723577
2.73635235
3.32855262
4.76704197
5.53929498
-0.602800956
-6.99798312
-7.76024955
-5.89661442
-3.18969207
-4.41311679
-2.74555413
0.897691518
-0.327729537
0.445531941
5.05210095
1.53590265
-1.11301317
0.787637052
0.567559512
-1.30908564
-1.9413009
0.677589453
-4.02901605
-7.2531216
-2.23141203
2.46119166
2.8593207
1.88498169
7.13277252
6.31849347
-7.16810814
-7.15410927
1.9519938
1.38780108
4.4938629
2.64822912
-1.5231987
-1.94834448
-1.40216292
-0.898994286
-4.47921657
-0.803965797
4.64488785
4.99400613
0.038314525
-0.660926187
2.69521902
1.82391444
-2.19946086
-4.76133255
-2.12643522
2.11300533
5.39812908
2.72921067
2.64317697
2.23003863
-5.52761127
-6.51895101
-1.55225592
-1.48923648
5.25606066
9.65055807
1.28870046
-1.94039838
-2.03043456
-2.82670245
-3.65198832
-3.84706017
-2.99176551
1.01159739
4.14866862
0.907557435
-5.05947807
-6.36192234
-4.18518144
3.37439475
6.49345482
-0.180823806
-1.98444528
-2.60565372
-1.81138707
-0.040782623
2.83119543
3.88255275
-2.30355477
-7.87146552
-8.14655754
-4.98648186
1.92888144
6.32938257
6.94458729
8.21302029
6.8435541
4.82686335
-1.07815824
-4.54933845
-0.526968675
3.53141361
2.72313828
1.14360075
-0.583993224
1.58374602
4.29867333
0.440353242
-1.21721499
-3.72307158
-2.1815478
-0.98614044
-4.21824114
-2.64971043
-3.83010849
-2.84777433
0.720440514
3.70846449
9.15031674
5.61510666
0.397327563
0.427336353
-2.17855575
-1.80342135
3.39334767
1.79479836
-2.17555389
-1.42429428
-1.38829158
-1.87245432
-2.93081598
-1.02316338
4.69178946
0.387316458
-7.60740975
-9.05490468
-6.40600848
0.103217877
3.63341799
3.20928264
2.58005943
4.02255126
2.01486609
-2.80077462
-5.03053857
-2.92981536
0.703421145
0.770444046
-1.27525095
0.375309018
5.927202
7.15461939
3.32331408
0.312287616
0.936500859
1.13956884
1.8478116
3.85349553
1.05254433
2.45602179
-1.12220514
-9.8912268
-9.45804663
-8.39368125
-8.53172757
-5.32263132
-3.06986292
-2.87779293
-0.99615645
0.577383246
2.4160068
6.7434921
9.34437816
6.80751216
5.41803357
2.27496843
-4.37030595
-3.91714281
-0.619018848
4.9068639
8.83220787
4.46371677
0.967525965
-0.66803157
-2.09951658
-1.01314737
-1.86944265
-7.57538991
-5.14254915
-0.076823483
0.749459475
1.22061906
-1.79940906
-7.95050469
-5.1505443
4.43671965
10.6608213
10.3187466
4.85787276
2.49706683
0.556406523
-0.356903496
0.756477549
-0.926094411
-4.5723429
-5.13052209
-5.64170157
-5.63069475
-1.51028874
0.601436385
0.756491283
1.62979416
3.95758944
5.96227275
2.27001438
-2.14748748
-2.52461331
-1.31520708
-0.656976681
2.95726374
4.58981451
0.59545719
-1.49125734
-5.54062914
-6.90609285
-0.540922419
-0.430881687
-2.0834478
2.54413521
1.89291798
-0.363849957
-0.461881287
0.33539409
-1.32217218
-3.33685188
1.51680258
3.02232366
1.82091258
3.42146313
6.25243293
0.736551477
-4.44021201
-3.09875337
-5.48956809
-5.83468389
-4.93537176
-4.18511277
-0.520858026
1.88996517
0.385457463
-2.10639339
0.668560329
7.78398975
8.88837012
5.7312963
-0.061676059
-3.04268922
-4.28511591
-6.87099267
-5.59655595
-0.686872656
10.02582
10.7139915
3.44354544
3.50257221
2.21713848
-3.2717331
-6.11169867
-2.96962434
-0.518783211
3.44357487
9.15952833
9.42362334
6.26354766
1.36587573
-2.04527709
-3.63081834
-6.02562573
-4.64515272
-0.950891148
-2.56344129
-5.39340066
-9.72787068
-8.88258222
-4.7111544
-2.53740555
-1.4240196
0.311574429
5.17523607
7.6220757
8.33832342
4.87414755
1.71907497
-0.161559909
-2.86247952
-3.74277006
-1.61303868
0.564706764
0.52469766
0.199592298
0.572724477
1.82015721
-2.25122823
-4.14287091
-1.16084673
2.68746912
5.52044016
3.218661
0.324680589
3.02260815
7.05699027
2.5274484
0.856882899
3.68685306
1.72618722
-0.290491758
-1.22881041
-3.11844204
-3.41553789
0.878929893
0.194702013
-3.97071522
-4.91802768
-4.83199398
-6.08041458
-5.20510752
-0.500500314
1.83730509
0.580881492
-1.07967879
-2.86028208
-2.61218718
1.27714428
0.759972852
-6.54751773
-8.97733701
-2.50211898
3.76502895
5.34756834
3.49994313
3.41192781
2.93877189
0.73102158
-1.97489034
-3.94256052
-5.04893232
-0.363325122
5.40765459
4.50635103
5.25261735
5.6607624
0.632049471
-4.16958354
-4.11455925
-2.05684308
-0.342254223
-0.079157184
-2.29790421
-1.72670715
1.70547831
0.647120574
-2.00077893
-0.149136525
0.779187699
0.600134598
5.1226839
3.6912087
-4.41655029
-0.99137898
6.88831713
6.44217795
3.9683412
3.70825848
1.85063688
0.326119716
-1.573524
-6.01903341
-5.92698618
1.40651856
3.19213476
-3.14201547
-3.94627851
-1.49643702
-1.64648097
-1.57644738
1.06946658
3.39226857
3.69837981
2.41095465
0.755393544
-1.01120499
-1.74844611
0.008164902
1.02551778
-2.40964011
-1.90846683
1.95286689
-2.28157056
-1.05314274
4.44274299
5.25503061
5.5431405
2.8892412
1.29670542
0.359396217
-0.092748939
-0.097740954
-0.256785579
0.227388933
-1.85331501
-2.39048118
-0.796931046
-1.11403341
-1.44112824
0.936691173
4.32585684
6.829722
8.30523429
5.57631792
0.617632695
-2.27434059
-2.31634701
-3.03458616
-4.98723723
-7.3960533
-7.71315174
-7.6461102
-4.85515539
-3.21357942
-3.68273286
-2.20021623
0.293649597
1.87620174
-0.422572617
1.55411001
0.047609598
-3.57561747
-1.75197771
-0.632589021
-0.975694752
-0.754607763
-0.845627886
0.036684986
2.04938748
1.56722598
-0.435441375
-0.00328224
1.45822707
1.88738514
1.64031048
-1.34069346
-1.98389592
-0.048226352
1.28723877
6.26595111
8.2486404
6.21896121
0.283947507
-4.48367031
-3.84544152
-1.79872236
1.29334059
-0.654310323
-1.87371
-0.690297327
-1.01039076
0.579161799
3.38213484
4.72860639
4.29846732
0.114054003
-3.1220325
-2.46680298
-4.33942407
-7.55351361
-6.00196401
-0.410045247
3.71837259
3.30525387
2.26690461
2.2859262
5.33898459
6.42137094
0.968519718
-1.13618439
-0.425928618
-0.237850317
-2.79971514
-4.20117174
-3.27584349
-3.86603271
-1.1720988
2.84928507
2.08603764
0.800617644
0.227436021
-3.6618768
-4.46113674
-1.38307266
2.07112644
5.86043514
3.57866838
-3.77382852
-6.89087754
-4.68811071
-1.64806038
0.32463252
2.04123537
0.99288972
-0.691668765
-0.893722392
-0.226479546
1.49112
1.86326235
1.72423503
2.53752327
1.70525268
0.851981823
3.99007035
3.93806754
0.654961707
-0.546431715
-0.896534919
0.393921531
0.358925337
-0.328292631
1.55136321
1.86648984
1.01721852
-0.581314113
0.546087384
3.31505406
4.55048622
4.54650336
1.04032107
-6.16512393
-9.72932256
-9.2911491
-4.29143355
-2.62184022
-0.232009443
5.63601177
4.73171616
3.33326142
3.9704994
3.26927079
0.777439557
1.67176134
2.16695052
1.58876874
0.078271734
0.617473773
0.683513712
-1.0350531
-0.794954331
1.6218873
1.89399708
-2.49647823
-4.20704793
-2.45843505
-0.602779374
-0.871851978
0.300566628
-0.231596442
0.246585141
0.727768584
-0.613670436
-0.589643784
-3.57464628
-4.32987894
0.245698317
2.01431673
0.260741952
-0.377456427
-0.177368724
-1.11266982
-0.385400565
-1.09662066
-0.628444296
-0.798482988
-1.64775627
2.21458788
4.7514735
4.20229989
6.40007343
6.25404177
-1.47156867
-6.67733346
-10.4226345
-10.04544
-4.99669407
0.766293435
1.6106058
1.03242402
-1.1362923
-2.34368748
1.49464179
1.40863752
-1.2722589
-0.80207541
1.86285033
3.55245606
3.8475801
3.85559487
3.80560311
0.851616891
-1.35111168
-1.31908203
-3.12967449
-3.2376924
-1.72515717
-1.84117023
-0.799794585
1.90114857
3.96888075
5.55644286
2.59845318
-2.26318662
-2.21114457
1.1550294
2.43048636
1.70826435
0.387835407
0.874023912
1.07411652
-2.51808966
-0.872503362
-1.42266582
-4.4416737
-1.49164974
1.29833388
3.91725072
5.16470013
-0.203112126
-4.90969899
-6.69427533
-4.9126518
-1.01429514
2.39989878
1.68567192
0.465282414
2.2349142
2.76811713
4.03557894
2.03892021
2.54311497
2.50612146
-1.03406229
-0.937001169
1.19975319
-0.138679065
-1.76721264
1.28585556
1.41192387
-2.42135325
-2.34330489
-1.50599196
-1.72504926
-1.8300555
-0.473566959
-0.298481022
0.585846333
1.20608064
-1.04565771
-2.92627395
-4.09764681
-3.21232374
-2.97021294
-2.9291679
0.235934424
3.71414448
3.1049631
2.21668722
0.121000464
-1.36848519
-1.94165406
-0.826242345
0.974398851
1.01244105
-0.333993222
-1.55338407
-1.7084115
0.345319848
4.83287688
6.51547827
7.83396189
5.39315541
-0.247744683
-3.1287033
-3.24970965
-2.3453748
-0.694786383
1.16888112
3.24961155
0.948859497
-0.01244065
3.15366975
3.20270994
2.27743074
2.63757546
1.06607232
-3.15533745
-2.60212212
-1.89084807
-3.77246493
-3.27926718
-0.863414397
-0.617301117
0.34405632
-0.481196196
-2.92800051
-5.12972748
-5.75590959
-5.36974875
-0.575079858
6.34931649
9.64846854
8.48710188
1.64279241
0.914579433
0.607504851
-0.840959307
-3.80593665
-4.2920712
-2.7815274
-1.41203178
-2.68443783
-2.79743922
1.21095621
3.92491233
4.57516818
-0.419506011
-4.52287107
-0.963629433
4.62130461
6.28091136
6.1548921
4.23427068
-1.57768344
-4.16453139
-1.74366864
0.194020218
1.29342888
0.296119755
-5.27775057
-8.03765673
-3.34002051
1.70273151
1.20659076
-2.79974457
-4.30422579
-4.32119709
-4.55024097
-4.026024
-2.19136761
-1.70516439
1.75704948
3.83478786
2.26328472
1.19895858
-1.82504259
-3.62261718
0.381779694
3.94403202
5.96175282
5.87375712
2.84575347
-0.728427816
-0.115184115
3.14996157
1.42040952
-2.37885633
-4.32548406
-2.43980586
2.08477215
3.76738335
2.23489458
-0.591031899
-2.74172823
-4.57032204
-6.80705109
-1.92234798
4.60492191
5.71733667
4.38691428
4.21089345
2.12822064
-0.625685724
-1.53696213
-0.946722879
0.448789842
1.49618196
3.1047669
3.05416692
0.894906459
0.003566298
0.168110046
-0.81007056
-0.400795398
-0.355735125
1.62498726
3.13644339
0.796501368
1.59144687
3.01963572
1.0273032
-0.399351366
-2.2418793
-4.2684291
-1.50182271
1.1388429
-0.061205571
0.076435302
-2.29864977
-1.4535477
2.72294208
3.73818879
1.97031888
-0.553340898
-1.36057833
-2.63943936
-3.78466857
-3.1445955
-1.2577401
-1.53620676
-2.40439176
-0.047050526
0.632831328
-1.8796941
-1.39836645
-1.83552948
-4.18083561
-2.75545242
-0.616246542
0.336431988
0.43328808
0.540833148
0.407481894
-0.180816939
1.46398554
0.73423926
-0.69112431
-1.20891573
-1.52961444
-0.638678088
-0.367803387
0.121904946
0.858751704
0.475710444
0.63285291
1.58242167
1.53447039
1.68164982
2.39585706
0.873200853
-0.244492668
-0.274566204
-1.20836637
-0.276796017
1.29381147
0.894808359
-1.15315569
-1.81209339
-0.637112412
0.386056854
2.08453671
3.26847618
1.56777534
0.091076236
-0.740293992
-0.673899912
0.455012325
1.04184162
0.535601475
-0.11941713
-0.373109616
-1.03800591
-1.25022564
-0.259498044
0.909783324
0.419139117
-0.074540304
-0.485765694
-0.493311546
-0.504428238
0.084568086
1.3766373
1.64197818
1.01510937
0.333292788
-0.245820942
-0.659193741
-0.855856773
-0.398174166
0.513880173
0.453330891
-0.150580557
-0.563568804
-1.11514194
-1.01877831
-0.192461409
0.122893794
0.122745663
-0.021878556
-0.309676194
-0.121962825
0.24454368
0.128465874
-0.256803237
-0.246548844
-0.099335079
-0.281137923
-0.426783069
-0.508147209
-0.226672803
0.256632543
0.424052946
0.347269095
0.311707845
0.264907278
0.060425382
-0.159798033
-0.212817159
-0.216121167
-0.306803826
-0.325451655
-0.180989595
-0.036594832
0.065800379
0.11025459
0.092725297
0.109704249
0.109836684
0.084589079
0.0623606
0.055572179
0.064241962
0.072467255
0.084785378
0.090246899
0.09060153
0.089726871
0.084557589
