    -1.792    -2.966    -4.821      .594     -.750     -.238     4.728     1.045
     -.942     2.284     1.361     4.407     4.848     5.838     5.002     -.896
     5.742     -.162     -.910     4.138     4.207     2.297      .504     -.744
    -8.192    -7.413     3.876     5.495    -3.226    -1.364   -17.623   -12.877
     6.596     2.088    -1.168    -6.511   -13.341    -3.391     2.661    -7.423
     6.688    -1.821   -11.053    -6.091     3.317     1.225     2.589     4.726
    -3.354    15.905      .644    -5.913    -7.435    -4.722     2.460     8.298
     9.226     3.448     -.319     -.856    -5.532     5.285    15.917    16.188
     7.881   -21.220    -7.163    -5.129    -4.722    10.384     3.979   -19.977
    -1.615    -5.492   -11.642    15.125    11.872   -17.049    -2.428    -4.567
   -12.924    -7.247   -12.446    -8.016    -9.855    13.218    26.159     7.687
     7.522   -17.571     4.032    19.839    20.596    22.767   -20.895    -6.796
     6.939    39.907    45.220    32.610   -20.471   -20.697    -9.399   -10.632
    14.062    28.883     -.568     8.806     1.740      .466    18.784    27.737
    -4.393   -44.835    -1.030   -19.620   -28.244   -21.343    27.253     8.786
    11.130     1.980   -54.403   -20.155    49.551    -8.361   -64.939   -35.816
   -27.986   -43.678   -26.831    22.247   -20.697   -23.714    27.793     8.543
   -66.197   -22.412    17.812   -39.095   -54.538    -1.744   -30.913   -51.230
    16.891    52.764    -1.388    -9.100    17.098   -51.747   -22.138    13.039
    34.085    31.999    43.991    56.890    55.375    77.237    28.942    12.379
    18.196    28.037   -13.185   -29.635   -12.901   -55.685   -80.253      .536
    74.773    85.078   117.111   178.123   164.431    95.987   126.283   150.165
   139.904   154.958   180.128   188.109   183.022   185.691    69.180   -59.793
   -66.425   -24.280     1.802     6.734    15.591     -.790    -5.350    -5.725
   -17.954   -40.553   -93.141  -169.640  -232.985  -278.608  -308.371  -306.025
  -268.446  -130.546    73.309   138.745    50.585   -89.119  -173.820  -157.163
   -78.744   -42.603   -47.673   -98.007  -173.475  -189.961  -196.319  -193.723
  -155.937  -142.879  -136.549  -107.005   -24.890    88.499   135.183   104.217
    -7.149  -112.981  -141.106  -130.182   -86.194    -8.795    80.185   159.717
   186.878   179.808   196.569   209.204   239.715   223.818   168.843   137.791
   101.258    59.444   -63.258  -158.071  -166.489   -58.048   106.262   147.212
   204.779   269.291   304.675   316.307   283.780   205.026   148.288   145.110
   152.445   109.328    12.258   -52.246  -115.261  -164.600  -208.821  -247.110
  -232.650  -167.008  -124.043  -118.698  -111.215   -82.811   -78.783   -94.048
  -103.351  -122.175  -159.826  -192.375  -206.289  -190.728  -118.358   -58.963
   -43.815   -38.829    23.292    99.344   141.780   137.204   112.429    46.933
   -44.311   -67.721   -39.699    17.418     9.076   -24.497   -64.063   -78.378
   -30.631     4.487   -20.067   -43.642   -58.832   -30.089    52.863    95.609
    94.564    84.271   109.927   111.489    91.342    67.131    61.669    65.664
    27.577    -4.288   -27.989   -18.955     -.692    45.171   111.562   122.151
   131.252   142.055   153.276   156.464   148.155   137.423   106.786    69.503
    24.694    -2.360    -8.506    -8.115   -11.661   -29.706   -33.207   -44.035
   -71.421   -92.039   -79.507   -58.120   -58.128   -61.783   -75.307   -94.035
  -107.464  -115.545  -103.412   -83.657   -75.636   -68.330   -30.328    26.141
    58.982    65.519    47.891    12.442   -25.594   -39.694   -31.920   -23.421
   -32.089   -28.531    -7.485    15.859    15.744    21.802    24.022   -16.279
   -52.391   -72.152   -70.692   -85.635   -77.709   -50.709   -15.647    20.474
    28.466    27.746    17.585    37.175    57.152    56.529    53.627    48.321
    32.781    24.525    31.961    31.827      .536   -15.422     8.521    25.722
    39.643    55.133    70.877    68.037    59.525    62.125    65.111    68.267
    67.708    55.394    29.037    -3.172    -5.383    -3.165    -6.367   -29.235
   -77.429  -106.087  -115.964  -120.509  -103.711   -53.448   -33.422   -63.650
   -84.459   -78.747   -77.339   -76.789   -67.855   -65.010   -69.823   -71.395
   -43.030    14.072    58.379    69.986    60.962    50.794    49.254    31.489
    11.696    -4.942   -25.244   -27.094   -19.205    -1.077    -1.958    -5.782
    -4.941    18.323    51.939    72.472    85.229    82.085    89.253    73.513
    41.623    26.253    36.345    28.542     1.251    -2.130     1.891   -16.859
   -39.740   -49.778   -55.436   -59.017   -49.330   -33.426   -34.415   -23.099
    -9.455    18.289    43.532    52.385    62.953    53.361    48.423    52.317
    54.124    27.526    -7.345   -25.211   -32.798   -29.064   -11.943     5.522
    15.321    28.543    46.991    60.604    61.462    56.827    40.040    29.545
    19.094   -11.863   -28.817   -27.773   -30.419   -36.544   -21.924     5.234
    11.692    12.847     6.222    -2.658      .575    14.481    28.839    17.102
   -15.416   -33.925   -32.904   -39.873   -51.678   -53.355   -47.188   -32.603
   -14.580      .070   -10.722   -34.729   -50.109   -64.589   -67.290   -62.931
   -48.354   -22.357    -5.820    11.661    25.087    21.955    28.002    34.640
    26.395    13.066    11.597    23.109    27.817    35.292    29.747    13.264
    -7.556   -18.623   -23.251   -34.896   -35.642   -20.868    -3.916   -12.127
   -18.681   -15.706     4.625    35.937    58.978    59.823    52.422    48.822
    55.304    51.185    27.602     7.796    -8.858   -21.578   -32.947   -24.453
    -4.022      .847   -16.191   -25.148   -20.602   -11.234      .895    21.740
    31.249    10.822   -15.612   -20.630   -17.596   -23.934   -25.000   -23.366
   -13.552    -7.262     3.159     6.865     9.966    26.005    26.865    27.455
    26.395    10.877    -5.613    -7.713    -4.760    10.547    21.769    20.261
    11.665    -2.519   -31.012   -53.524   -51.479   -37.524   -15.345   -16.682
   -24.318   -10.192    10.071    16.907    -2.070   -10.654    -2.516    13.084
    18.180     7.307     -.937    -3.250    -2.260     5.404    29.476    44.577
    46.048    48.180    55.131    55.869    48.164    41.893    34.824    29.910
    24.738     2.781   -24.320   -38.889   -43.916   -59.355   -78.925   -82.455
   -73.943   -47.225   -22.856    -8.003    -2.649    -1.400    14.684    30.744
    24.781    12.413    17.124    19.809    20.878    24.897    17.676    -6.914
   -17.522   -15.276   -14.453   -10.398    -4.476     3.439     1.531    -5.703
   -12.865    -6.016     1.429     5.223     8.922     2.803    -7.782   -16.935
   -15.795   -12.895   -11.676   -19.868   -21.322    -9.611     7.193    13.700
     9.589     1.516    -9.672    -4.182    17.739    41.704    46.949    32.946
    20.906    22.513    19.637    10.996     5.419      .886   -11.982   -16.136
   -10.715   -11.232   -18.806   -26.799   -29.064   -28.202   -23.471   -11.293
    -9.531   -20.218   -26.780    -6.854    31.177    53.810    58.869    54.365
    44.597    30.170    29.438    25.154    12.064     1.522   -13.220   -32.002
   -43.992   -30.863    -3.983   -15.654   -42.701   -49.220   -41.256   -40.545
   -43.422   -19.549     3.267    12.318    -2.643   -17.439   -19.262   -25.385
   -31.181   -31.055    -7.044     3.070     -.013    -2.212     1.439     7.567
    15.634    33.068    37.177    29.707    22.271    16.971    10.942     9.386
     6.547    -3.745   -11.350    -6.087     5.835    12.531    15.792    18.568
    15.536     6.200    -3.353    -7.486    -3.152     8.981    19.230    28.101
    33.857    28.410    11.395    -5.436   -11.468   -10.464    -2.911    14.880
    29.561    27.586     4.837   -18.236   -30.504   -34.950   -39.522   -46.103
   -48.310   -48.840   -37.514   -19.723     -.022     4.730      .520    -2.085
    -9.235   -19.944   -25.149   -17.799    -4.263    15.289    30.942    39.091
    40.602    40.282    33.291    17.740    -3.536   -13.318   -12.313    -8.985
    -1.835     8.718    12.306    16.072    21.689    23.021    20.563     9.419
    -6.748   -18.811   -12.020    -3.515     2.847    10.751    12.166    11.541
    12.828    10.134    -1.565   -11.256   -16.156   -16.598   -14.178    -4.285
     8.905    16.452    17.960    15.377     1.361   -16.657   -22.699   -27.205
   -30.171   -22.447    -5.618     8.855    14.950    15.776    13.536     7.222
     4.096     2.638    -1.340   -12.642   -22.893   -26.973   -26.756   -18.867
    -9.733    -2.801    -8.599   -17.919   -20.654   -15.161   -10.617    -3.637
     7.494    18.456    30.434    39.739    49.340    46.421    33.025    15.499
     -.539   -19.110   -35.550   -33.621   -16.267     4.364    19.973    27.804
    29.312    19.280     8.178     6.387     6.560     2.618     1.902      .147
      .385    10.306     9.506    -2.626   -16.162   -23.281   -26.302   -30.468
   -32.386   -27.113   -19.193    -6.415    10.779    22.569    18.614    12.153
    17.290    18.014     6.957    -3.494   -12.844   -18.876   -14.089     1.448
     8.936     9.275    19.361    31.744    35.275    21.553    11.895     8.231
    -2.064   -14.886   -17.963   -13.734    -8.460     -.816     6.667     2.167
    -3.755      .691     -.427   -12.361   -15.198    -5.358     3.265     4.122
     5.356     5.448    -4.452    -8.840    -5.327     3.821    10.441    14.498
    10.486     1.271     3.213    14.502    12.338     7.860    10.847    16.520
    14.905    12.475    11.925     4.128     -.580    -9.380   -24.459   -36.118
   -39.800   -39.467   -34.866   -16.861    11.449    23.461    14.630     7.731
     7.120     5.860     9.187    14.993    16.983    13.429     9.623     4.997
     3.553     3.516    -8.451   -25.864   -33.427   -28.619   -14.761      .326
     7.966     6.334     5.841     2.338      .690    -1.750    -9.435   -16.255
   -20.261   -11.038     3.519    13.650    19.592    19.343    11.560     7.383
     2.744    -3.205    -7.942   -10.227    -6.937     2.442    11.409    12.530
     6.485    -4.965   -10.880   -17.062   -27.839   -32.472   -30.119   -22.360
   -16.804    -7.813     6.533    18.798    28.349    29.378    28.008    22.200
    14.538     2.687    -3.133    -3.056    -3.665    -3.569    -8.550   -13.791
   -16.479   -12.045    -7.953    -3.503     5.329    14.090     9.403    -1.288
    -9.202   -12.903   -13.240   -13.104    -8.881    -1.539     4.901     8.613
    14.301    22.453    21.924    14.400     6.970     1.515     2.754     1.600
    -4.468   -13.909   -14.558    -8.564    -5.411    -3.546    -3.437    -2.024
    -2.223     1.412     -.259    -3.605    -3.686    -1.440    -1.257    -1.225
     4.579     7.288    10.522    16.785    20.310    16.625    17.722    20.066
    19.026    17.966    12.833     2.283    -3.579    -1.635    -5.550   -12.754
   -14.796   -14.884   -21.282   -27.644   -30.161   -25.273   -20.174   -17.761
   -11.594    -6.798    -7.645    -8.643    -3.322     1.138     1.722     -.583
     1.214     5.339    10.605    15.549    20.685    21.449    17.163    11.739
     1.326    -3.573    -3.062    -4.695    -4.843    -1.169     2.741     6.872
     8.751     6.557     -.390    -6.593    -9.679    -6.441      .012     -.710
    -3.860    -1.544     6.564    10.339     7.002     2.528     3.621     6.299
     6.624     5.775     3.231     3.739     5.431     7.305     8.103     7.298
     9.985    12.878    13.734    11.247     2.420    -5.144    -6.419    -6.400
    -6.454    -6.595    -7.748    -9.045    -9.388    -4.782     1.376     5.322
     3.659      .394    -4.345    -3.962     3.764     4.126    -3.980   -11.305
   -14.927   -19.294   -21.022   -18.855   -12.571    -4.141     2.380     6.920
    10.916    11.256    10.284    10.371     9.140     4.728     2.144     1.607
     4.970     7.290     6.988     3.165     -.125    -1.528    -6.911    -8.384
    -8.404    -5.094    -2.904    -3.257    -8.444   -13.251   -15.420   -12.065
    -6.434   -10.373   -18.813   -20.103   -15.703   -13.690   -10.549    -4.764
      .913     3.479     3.936     4.622     5.649     4.393     3.727     5.762
     7.494     8.906    10.975    13.229    13.842    10.717     9.239    11.669
    14.901    12.822    10.790     7.232     3.621     4.285     4.927     8.211
    12.622    16.996    16.887    13.510    12.986    12.820     8.327      .815
    -6.066    -7.925    -7.678    -6.294    -4.252    -4.857    -8.348   -14.606
   -16.257   -16.348   -15.498   -13.809   -12.388    -8.272    -3.800     1.094
     3.236     2.736    -2.882    -7.023   -12.318   -12.773    -8.737    -7.365
    -4.709    -4.294    -3.633    -5.194    -4.998    -3.104     1.696     6.445
     9.237     8.843     6.229     5.663     7.073     8.340     5.008     -.250
    -4.901    -6.251    -4.897      .602     3.773     3.067     5.023     5.917
     5.403     5.897     5.740     6.398     6.255     4.258     2.712     -.863
    -3.291    -5.466    -9.406   -11.362    -8.203    -3.126     1.353     3.466
     3.042     -.095    -2.819    -1.469     4.123    11.357    11.108     8.857
     8.380    11.059    12.681    11.681     8.311      .558    -3.177    -5.823
    -8.574    -8.985    -7.746   -10.833   -11.928    -9.470    -4.286     -.209
      .496     2.985     3.083     3.689     4.588     3.315      .258      .027
     2.078     2.663     2.759     2.549     -.390     1.088     3.354     2.939
     1.068    -2.364    -3.378    -5.030    -5.690    -5.786    -4.342    -3.248
    -2.857    -3.217    -4.112    -2.905    -3.192    -3.371    -1.188      .010
    -1.193      .371     2.767     1.583     -.544     2.208     5.085     4.938
     7.015     7.910     8.080    10.063     9.714     7.937     6.830     2.971
    -2.065    -4.275    -4.252    -3.569    -4.915    -6.759    -8.990   -11.716
   -12.323   -11.942    -9.940    -8.969    -9.425    -8.240    -6.692    -4.338
     -.548     4.088     8.646     9.905    12.005    13.066    12.736    12.740
    13.157    11.718     6.031     1.365    -1.649    -2.121      .728     4.559
     7.889     7.608     6.088     4.326    -3.190    -9.197   -10.821   -12.862
   -12.456    -8.646    -3.966    -2.496      .205      .705     1.587     3.189
     1.618    -2.152    -3.510    -3.891    -3.976    -1.009     1.839     3.173
     4.178     5.973     5.134     3.595     2.205     -.378    -4.195    -6.845
   -10.478   -10.254    -6.250    -5.607    -7.303    -9.322    -6.345    -6.380
    -8.361    -3.790     2.682     5.756     5.651     7.490     8.158     7.706
     4.418     -.171    -3.410    -6.077    -8.954    -9.028    -7.768    -4.090
     -.320    -1.890    -4.522    -5.967    -2.373     1.568     6.298     9.220
     6.137     1.934     2.074     -.038    -2.790    -4.765    -4.908    -1.977
     2.084     7.411    11.805    13.149    11.530     9.603     7.555     7.167
     7.375     5.490      .934      .342     1.909     3.238     6.308     9.093
    10.433    11.711    12.729    12.936    10.880     7.876     5.128      .868
    -2.747    -5.934    -7.265    -5.843    -4.202    -2.260    -1.764      .496
     -.472    -5.200    -9.338   -10.692   -10.786   -12.838    -9.631    -6.099
    -4.802    -5.220    -5.028    -4.115    -4.632    -5.600    -3.625    -1.674
     -.504     3.141     3.931     3.773     1.648     1.126     1.138     1.551
     3.167     4.091     3.841     1.954    -3.374    -6.915    -5.157    -3.115
    -2.777    -4.677    -5.360    -5.823    -6.545    -8.279   -10.882   -10.856
    -7.176    -3.116      .045     5.267    10.629    13.742    14.223    13.957
    10.269     7.030     5.536     3.359     2.985     2.935     3.982     3.053
     1.311    -1.866    -5.384    -6.189    -5.952    -6.699    -5.083    -3.779
    -3.280    -3.161    -5.952    -6.433    -6.466    -4.456    -3.515    -3.753
    -3.125    -1.477     1.065     1.888     2.086     3.928     3.846     5.448
     7.043     4.335     2.265     1.726     1.675     1.961     1.764     2.811
     5.288     6.890     8.384     6.818     4.314     2.630     -.047    -1.006
     1.083     3.978     4.336     5.926     7.705     5.892     2.375     -.932
    -3.432    -6.257    -6.234    -4.180    -3.711    -3.883    -3.229     -.937
    -1.099    -3.327    -4.054    -5.479    -6.799    -6.103    -4.236    -3.532
    -2.044     -.756     -.768     -.834      .921     2.521      .949     -.638
     -.662    -2.558    -4.597    -7.034    -9.446   -12.138   -11.453    -9.756
   -11.349   -10.611    -8.315    -6.609    -6.771    -6.799    -3.630      .702
     3.953     5.616     7.033     7.737     7.508     7.959     7.456     9.786
    10.190    11.007    12.532    10.604     8.205     4.873     1.898      .165
     1.530     2.149      .195     -.676     -.478     -.463     -.263     -.243
     -.154     1.961     2.845      .806     2.114     3.039     3.045     5.269
     7.457     8.948     6.581     6.990     7.714     6.327     6.518     4.170
     1.989      .278    -1.118    -1.508     -.368      .398      .292      .328
      .354      .131      .639      .027    -1.768    -3.060    -4.410    -3.699
    -1.595      .331     -.133    -3.105    -5.139    -6.453    -5.708    -5.208
    -5.261    -3.558    -2.341    -1.972    -1.459    -1.759    -1.531    -2.418
    -2.173      .525      .007      .285    -1.397    -3.931    -5.717    -8.409
   -11.776   -13.938   -13.848   -12.091   -10.234    -7.579    -3.876    -2.099
    -1.106      .762     3.287     3.936     3.641     3.510     3.063     1.276
      .569      .592    -1.542    -1.506      .065      .490     2.284     3.490
     1.187      .201      .170      .003    -1.573    -3.811    -3.992    -3.557
     -.152     2.458     2.589      .918     -.026      .076     1.519     3.817
     5.427     5.400     5.987     7.403     5.202     3.908     3.357     2.940
     5.176     5.321     3.007     2.523     1.984      .738     -.099     -.194
     -.312     -.015     2.004     2.550     2.627     3.996     6.494     9.102
    10.877    11.028    11.139    10.569     8.445     6.006     5.679     3.274
     3.747     5.353     2.824     1.185     2.033     2.039     -.189    -1.709
    -2.897    -4.709    -5.653    -5.673    -7.144    -6.662    -4.520    -3.154
    -5.221    -6.276    -6.695    -6.655    -5.543    -3.895    -3.475    -2.277
     -.373      .321     1.803     1.142      .895      .161    -1.292    -3.550
    -5.376    -4.236    -5.081    -5.565    -6.902    -6.210    -5.263    -5.003
    -7.008   -10.089    -8.220    -5.712    -1.773      .479     1.121     1.289
     3.318     4.208     3.765     3.145      .878      .384     1.325     1.836
      .790    -1.871    -3.705    -6.279    -5.955    -3.519    -2.468    -2.856
    -2.598    -2.936    -2.066     -.172     1.304      .001    -2.402    -2.916
    -3.524    -2.267    -2.720    -1.682     -.517    -2.044    -2.608    -2.533
    -2.646    -2.311    -1.705     -.181     1.153     2.929     4.715     6.547
     9.054     9.231     7.964     7.098     7.830     9.266    11.685    12.926
    12.433    10.923     9.320     9.067     7.882     7.603     6.098     5.490
     4.007     3.811     3.871     2.546     2.567     1.528     2.540     3.519
     3.982     3.672     3.531     4.086     3.232     2.384     1.464      .243
    -1.800    -2.978    -5.057    -6.270    -6.709    -5.222    -3.402    -3.129
    -1.224     -.207      .039     -.816    -3.002    -2.451     -.979     -.963
      .000     -.589     -.270     -.071    -1.112    -2.309    -3.607    -5.741
    -6.846    -6.728    -6.937    -6.854    -8.463    -9.889    -9.973    -9.651
    -9.833   -10.011   -10.303   -10.410   -10.402   -10.438    -8.469    -8.250
    -8.153    -6.927    -4.614    -2.615    -2.218    -2.398    -2.262    -2.552
    -1.927    -1.329    -2.059    -1.790     -.885      .597      .905     3.169
     5.687     6.139     7.772     9.148    11.108    11.987    10.878     9.846
     8.810     9.136     9.864     8.770     7.140     7.238     7.590     7.293
     5.638     4.668     4.383     3.005     2.383      .862     1.199      .357