    -6.146    -1.195      .256     -.404      .206    -3.436    -1.139     -.070
    -1.045      .697    -3.077      .495    -1.838    -2.581      .836     1.121
     -.288    -1.432    -1.048    -1.134    -2.748    -2.744    -2.688    -9.953
    -1.240    -2.864     -.344     -.942    -7.238    -2.439    -3.108     -.459
     1.542     -.949    -5.480    -1.629    -7.376     7.220    -1.630    -9.537
     5.789    -2.255    -1.814     2.612    -8.106    -5.769    14.912    -2.332
   -12.941    -3.093    -8.592     -.576     5.611   -13.782    -9.053     5.941
    -7.123    -6.153     4.846     9.811    -4.568     4.923    -4.377    -8.943
     4.172     -.123     8.904    20.361     2.736    -8.474     1.976   -16.724
   -16.369      .505    -2.463     1.046    -2.092   -23.418     -.946   -15.604
      .938    20.649     -.232    -1.137     8.152    11.358   -21.964   -28.174
     1.634    10.115    23.643     -.595    -3.708    -2.671    -4.619   -18.603
     -.753     3.987   -18.879     6.773    -6.969     2.216    20.137    25.066
     7.322     -.822   -12.792      .251   -29.140   -25.868     5.305    16.299
     1.488    -2.384    -9.626    -3.670    17.717     7.649    25.061     4.055
     4.731     9.285      .259     -.898   -16.503   -39.096   -14.464   -34.781
   -28.039     7.071     4.480    -2.765    -7.562    -4.597   -18.772    -6.463
   -14.260    -6.544    26.324    20.816    -4.126   -20.635   -14.798    18.707
    21.820    -8.783   -27.339    -6.430     2.330     2.254     2.481    10.013
    38.807    27.338    24.177     3.154    34.357    58.809    36.492    46.101
    18.693     -.191     4.241    -8.022   -13.569    -7.451    26.898    61.454
    74.244    68.057    32.955    63.839   113.026   109.714   121.382   114.168
    82.744    53.607    52.498    50.377    27.211   -30.374   -87.261   -46.604
   -29.153   -38.615   -24.771     9.210    38.504    74.158   129.353   163.791
   168.596   168.338   143.200    27.773   -68.862  -101.663  -136.652  -180.078
  -250.926  -344.170  -343.724  -282.441  -287.795  -161.163    -5.436   -15.862
   -33.438   -77.439   -80.919   -47.194     3.222    75.988   166.443   231.195
   216.167   134.221    46.099   -55.936  -155.662  -202.837  -240.210  -239.256
  -173.317   -10.481    90.614   128.571   155.472   146.894   140.520   164.470
   198.271   223.810   236.476   185.710    46.473  -113.276  -156.703  -170.862
  -182.542  -195.964  -191.471  -144.097  -159.656  -156.811   -84.840   -11.442
    58.311   120.239   172.472   230.633   274.154   246.849   169.817   106.544
    32.301   -17.790    -6.908    19.839    47.228    75.428    67.356    48.564
    24.647    10.685    44.343    58.877    -4.947   -77.093  -107.673  -122.870
  -132.596  -150.456  -171.066  -199.960  -231.317  -261.186  -280.827  -265.244
  -238.719  -216.047   -97.813    26.678   102.828   175.635   240.847   261.824
   227.667   155.556    27.614   -38.435   -11.950    23.048    31.310    26.484
    71.979    66.655   -43.236   -95.687  -103.071   -56.822   -27.184   -77.293
  -128.070  -122.196   -40.325    53.934   113.813   129.762   121.074   111.330
   120.405    94.293    30.612   -14.947   -39.120     2.891    54.472    66.364
    89.417    90.874    59.393    27.109    34.736    54.838    22.919    -8.667
     9.102    12.588   -32.429   -25.507    16.770    24.738     8.338     1.412
    -3.806   -35.658   -53.181   -60.112   -76.731   -74.351   -50.554   -41.448
   -33.419   -11.604    16.968    24.438    21.194    -6.542   -51.259   -45.434
   -19.603     -.521    14.413     9.992    14.947    22.868    27.877    30.481
    20.772    -6.971   -49.866   -87.365  -110.000  -104.267   -72.738    -2.987
     6.768   -13.252    -4.299   -15.336   -32.044   -14.876    38.362    66.237
    76.066    70.500    41.982    18.549    20.204    24.844     2.899   -30.029
   -28.532    -2.413    18.132    50.141    67.103    66.614    71.220    79.518
    70.924    32.662    12.848    19.451    39.019    44.193    32.985    12.630
   -18.858   -42.227   -64.862   -75.001   -44.612   -20.630   -20.037   -22.447
    -8.765    -3.923   -19.852   -22.975   -35.601   -18.229    25.382    45.120
    64.248    71.136    49.647    17.909   -31.560   -60.511   -67.888   -76.488
   -73.607   -73.636   -63.266   -48.941   -44.396   -48.250   -52.791   -48.999
   -44.874   -41.230   -11.614    23.990    46.127    69.949    71.858    57.532
    46.929    31.835    -6.323   -26.060   -17.989    -9.048    -6.414    -6.377
   -11.065    -5.476    27.205    49.600    59.929    64.051    58.031    46.179
    39.012    43.641    38.621    27.277    26.163      .040   -22.364   -21.890
   -19.803    -3.565     1.311     -.164   -10.656   -17.689    -6.213    11.121
    20.815     9.746     5.080    -5.268   -12.470     2.311    18.336    35.552
    45.596    49.292    48.753    33.073     3.493   -33.529   -42.379   -22.323
    -9.492   -19.940   -29.581   -36.229   -31.528   -15.498   -16.733   -22.780
   -12.397    27.810    69.571    89.005    80.933    58.510    33.602     5.093
   -21.835   -50.225   -65.977   -74.674   -87.186   -99.309  -108.378  -102.607
   -78.300   -41.181   -20.785   -17.196   -18.336    -6.048    10.834     3.466
    -9.550   -13.698     6.069    36.362    53.656    61.495    64.896    57.855
    24.608   -18.628   -22.894   -18.294   -28.354   -29.841   -32.318   -26.931
   -11.629     2.304    13.488    23.447    28.332    30.428    42.145    54.288
    54.723    39.594     1.670   -25.703   -32.725   -25.829     1.210    16.831
    22.024    24.927    32.505    30.453    16.536    -2.563   -19.049   -27.478
   -26.718   -21.320   -20.682   -22.229   -16.981   -16.636   -18.361    -9.787
   -14.969   -24.273   -16.433    -4.305     -.593     2.748     5.530     6.307
     4.992     9.104    26.573    31.662    31.897    28.376    -4.187   -20.694
   -15.050   -21.275   -36.212   -41.621   -34.032   -14.340    10.210    28.647
    38.509    50.715    58.116    67.092    78.192    72.682    50.762    22.286
     9.479    -2.392   -23.637   -40.672   -35.550   -21.862   -28.804   -34.470
   -21.754      .165    14.340    31.473    41.142    30.898    12.041    -6.201
   -16.937   -23.684   -22.287    -4.992     9.726    -2.323   -21.047   -28.307
   -25.583   -22.173   -15.976   -11.745    -7.801    -6.088    -5.797    -1.776
    -2.625    -6.454   -18.836   -34.078   -46.849   -50.368   -50.418   -29.525
    13.599    37.394    48.850    54.393    38.234    14.924    15.532    29.706
    28.005    15.133    20.569    27.234    17.598    15.890    11.713    -1.431
    -1.806    13.254    22.126    12.075     -.082   -10.708   -28.089   -37.687
   -30.283   -13.695     5.805     2.163   -14.326   -22.651   -25.183   -28.087
   -25.230   -17.645   -18.889   -14.320     3.364    18.025    21.120    16.452
      .110   -10.854   -11.240     1.733    -2.181   -28.752   -45.578   -50.504
   -47.125   -44.163   -44.987   -39.796   -19.823   -11.910    -6.640    11.113
    26.738    31.817    29.601    25.889     -.345   -20.784   -21.971   -18.285
   -13.184   -13.497    -5.278     2.688    18.378    36.027    45.972    52.728
    41.946    10.264   -18.577   -16.344    -5.706    -5.885   -11.109   -19.736
   -11.596    11.961    24.565    22.164     7.642      .013    -3.062    -8.129
   -11.601   -13.035    -7.998    -4.811     4.395    16.494    36.558    50.501
    53.088    56.577    63.221    74.403    80.234    77.594    67.623    55.321
    42.440    27.388    13.221     -.348   -20.973   -45.384   -62.627   -64.984
   -64.138   -62.943   -53.851   -41.729   -28.769   -22.543   -23.243   -25.229
   -34.490   -48.472   -51.842   -39.026   -25.942   -24.847   -22.686   -18.194
   -17.651   -15.360   -15.142   -17.193   -20.370   -16.004    -6.865     1.387
     5.422     7.915    11.530    15.509    16.951     8.873     5.696    10.478
    12.984    10.584    19.833    37.468    47.164    50.600    49.059    44.306
    44.848    52.564    54.417    45.652    34.648    29.535    27.788    25.545
    20.934    19.829    18.715     8.681   -10.188   -24.365   -25.816   -11.558
     5.419     8.006     6.680     6.181     1.758   -10.917   -21.934   -25.962
   -30.035   -32.421   -30.818   -25.028   -18.650   -13.365   -16.397   -27.717
   -30.012   -22.580   -12.469    -6.907   -10.552   -14.419   -16.493   -17.160
   -20.844   -26.820   -25.045   -23.874   -25.209   -22.251    -9.915     8.233
    19.449    17.177     7.982    -3.783    -9.423    -9.687      .265    22.344
    31.907    34.020    30.951    18.044     6.245     5.842    10.730    11.796
    10.640    10.261     8.280    10.950    18.974    30.275    36.042    24.890
    10.098     1.691    -1.234    -1.517   -13.276   -27.276   -33.373   -36.450
   -33.924   -22.555   -12.448   -18.655   -19.325   -12.486    -7.451    -4.060
    11.495    32.843    39.504    28.377    17.230    14.321      .244   -15.434
   -20.633   -18.622   -13.759   -10.237    -5.745     2.999     7.352     1.819
    -6.456   -10.467    -8.219    -8.297   -13.290   -12.690    -7.891    -4.027
     3.260    13.693    12.879     5.810     4.302     3.749      .840     8.920
    19.665    19.330    16.577    17.868    18.512    10.205     1.472     5.568
    16.247    12.099     3.833     4.644    10.693    16.169    22.181    21.075
    14.776    11.386     4.529      .414     -.725    -8.929   -20.151   -27.526
   -28.455   -24.504   -15.415    -5.742    -9.164   -17.877   -19.265    -7.497
    -5.719   -12.922   -19.761   -26.847   -31.238   -34.300   -38.048   -37.188
   -28.681   -21.089   -16.889   -11.201    -2.612    -4.774    -6.572    -3.561
     1.183     5.921    12.248    19.205    24.250    21.524    17.471    23.656
    30.934    29.211    15.763     6.925     -.236   -12.938   -14.071    -1.185
    11.460    17.765    22.189    26.636    21.488    10.209     9.663    19.629
    25.913    28.508    29.749    20.597     7.861     5.930     4.717    -7.369
   -15.608   -15.002   -12.811   -11.094    -4.331     2.997    -1.076    -4.049
    -4.869    -7.284    -3.680     1.952    -1.053    -8.838    -9.687    -5.656
    -3.097     3.388     9.659    10.662     4.228    -5.252    -8.898   -11.703
   -12.347    -9.765    -2.873     2.855     6.279    13.899    18.716    20.067
    16.414     3.359    -3.694    -6.564   -12.377   -19.268   -26.686   -25.434
   -19.852   -18.046   -21.381   -26.584   -25.559   -16.056     1.530    11.754
     9.716     7.250    10.793    16.514    15.502    14.433    10.622     1.125
    -4.441    -6.399    -4.947    -5.123    -8.844   -10.401    -4.336    -1.507
    -7.758   -16.875   -18.857   -10.117    -3.680     4.590    11.557    17.544
    20.581    16.290     8.835     6.562    11.610    11.417     -.079    -8.705
    -9.400   -11.818   -14.669   -14.316    -8.834     -.731     7.076    12.526
    14.198    16.217    17.223    14.196    12.234    12.494     9.388     6.619
     9.058     6.756     -.257    -7.265   -14.460   -17.651   -14.795    -8.922
    -4.208     1.120     7.153     8.422     3.805     -.586     -.682     2.362
     7.621     5.159     1.191    -2.562    -7.588   -11.048   -12.714    -8.591
    -2.053     3.375      .225    -3.229    -5.279    -6.382    -4.921    -2.375
      .398     -.167    -1.914     3.161     7.573     1.915    -2.330    -4.484
    -8.206    -9.805   -11.822    -9.200    -5.600     1.942    12.901    13.747
     9.649     3.891     -.733    -1.456    -5.929   -19.462   -23.582   -12.257
      .996     6.880    10.949    10.710     3.890      .264    -1.187    -1.267
     -.111     2.173     3.778     5.102     8.125    10.024    12.030    13.402
     9.925     2.656    -2.521    -1.351     4.639    12.134    16.289    12.311
     5.563     1.940     -.633    -2.750    -2.135     -.795    -5.043    -9.797
    -6.370     -.665      .842      .526      .559     1.241     1.876     6.069
    11.627     6.796    -3.285    -5.252    -3.412    -5.030    -7.964    -9.050
   -13.719   -16.552   -15.388   -11.322    -4.884    -3.141    -4.792    -4.004
     2.202    11.029    16.443    15.124    10.578     4.128      .019     -.199
    -2.220    -2.299     -.345     2.261     4.725     5.128     5.032     5.086
     6.974     5.133    -1.486   -10.166   -14.158   -12.562    -8.152    -7.414
    -5.339     -.759    -1.887    -2.812    -2.812     -.500      .116     1.872
     4.183     4.667     4.211     1.231     -.530    -2.402    -3.714    -3.730
    -2.813     -.382     5.143     6.545     1.833    -2.093    -4.421    -6.810
    -9.482    -7.930    -6.327    -4.951    -4.103    -3.040      .399     4.963
    10.426    11.036    10.555    14.488    17.209    14.573    11.027     8.445
     5.797     2.658     -.778    -7.137   -14.078   -15.103    -9.520    -3.202
     -.219      .533      .942     -.554    -5.825    -9.394   -10.325    -8.066
    -5.017    -5.837    -8.623   -11.143    -9.392    -6.612    -3.525     -.818
     2.008     4.570     4.762     6.750     9.084     8.334     8.115     6.761
     1.545    -2.767    -3.949    -2.028      .477      .912    -1.200    -1.946
    -1.885    -1.908    -2.001    -3.810    -6.658    -6.406    -4.802    -4.804
    -6.469    -4.070     2.029     6.154     9.516    10.133     5.976     3.717
     5.180     3.357     2.818     5.774     9.402    11.459    11.618     7.469
     1.498     3.380     5.814     2.802      .009      .906     3.440     2.116
      .402      .689     1.323      .962     -.576    -3.276    -2.071     2.902
     6.668     6.667     8.622    10.997     8.567     7.204     6.801     7.339
     7.515     5.965     6.791     6.459     2.660      .191    -2.908    -8.221
   -14.253   -15.379   -16.054   -17.857   -18.018   -16.380   -15.761   -17.170
   -15.505   -12.353    -9.240    -7.447    -5.827    -5.625    -5.609    -2.921
     1.775     5.850     7.419     8.142     6.733     5.751     4.406     2.588
     2.499     2.538     2.561     6.758    11.528    12.066    12.349    12.358
    10.304     5.320     3.679     4.714     4.966     6.907     8.019     4.560
    -1.036    -4.016    -3.857    -5.382    -5.314    -4.279    -2.498     -.716
    -1.662      .785     2.459     3.792     3.274      .042    -1.136    -2.408
    -6.002   -10.600   -12.551   -11.035    -8.037    -5.940    -3.986    -2.473
     -.889     -.138     -.163    -1.267    -3.949    -6.598    -8.894    -6.749
    -1.857     -.952      .978     4.954     6.110     6.114     6.059     5.347
     2.758     1.809     2.744      .766    -2.088    -1.996     -.804    -2.714
    -7.538    -8.830    -5.782    -2.905    -3.373    -2.842     -.857     -.620
     -.406    -2.795    -6.100    -6.681    -5.672    -4.694    -2.357     3.003
     7.674    10.552    12.762    12.921    11.543    10.932    10.404     8.826
     8.565     7.437     5.647     3.213      .148    -1.942    -4.398    -5.083
    -4.723    -1.399      .707      .331     1.653     1.649     1.636     1.525
     3.901     4.286     1.159    -1.846    -3.295    -3.642    -3.926    -3.254
    -2.229     -.372     -.706    -1.388    -3.213    -4.759    -7.502   -10.685
    -9.883    -8.041    -4.847    -1.527    -1.101    -1.145    -2.415    -6.667
    -9.880   -10.777   -10.288    -7.750    -2.075     3.005     5.445     5.674
     3.573      .904      .579     4.298     7.845     8.759     9.962    11.484
    10.428    10.897     9.716     6.501     2.812     -.286      .998     2.266
     4.441     5.670     6.737     8.911    11.093    11.722    10.472     8.442
     4.150      .190    -1.894    -2.315    -2.752    -1.095     -.366     -.871
    -1.155    -1.842     -.909    -1.355     -.293     1.384      .419     -.777
    -2.356    -3.613    -4.829    -6.414    -9.555   -12.544   -12.286    -8.829
    -4.602    -2.199      .455     2.381     2.860     2.296      .503    -4.518
    -5.961    -4.489    -4.687    -3.398    -3.858    -2.411    -1.430    -3.611
    -5.855    -6.493    -7.294    -9.268    -8.711    -7.055    -4.811    -1.395
     2.512     4.434     4.796     6.749     8.240     6.192     3.644     3.013
     1.536     1.642     3.305     2.630     1.501    -2.061    -4.881    -6.648
    -8.858    -6.872    -5.666    -2.632     -.240    -1.468    -2.581     -.616
     1.553     2.023     2.223     1.222      .020    -1.237      .112     1.838
     3.247     1.945      .239     -.350    -1.342     -.742    -2.328    -3.414
    -2.054     -.249     1.902     1.583      .001    -2.826    -5.342    -8.527
   -11.265   -11.652   -11.118    -9.439    -6.560    -2.416     1.289     3.486
     4.250     6.361     6.727     6.158     8.753     9.679     9.637    11.290
    13.808    15.452    14.225    14.457    14.674    13.103    10.276     8.742
     7.487     5.312     3.450     2.268     2.772     1.372     -.285    -2.379
    -4.915    -5.895    -7.210    -8.491    -6.448    -5.797    -9.331   -10.443
    -9.566    -8.264    -7.325    -5.985    -4.448    -4.603    -5.358    -5.463
    -5.937    -6.834    -5.747    -3.722    -2.778    -2.860    -3.019    -4.030
    -4.151    -3.157    -2.967    -1.190     -.805    -2.265    -2.564    -3.057
    -2.648    -1.768      .894     2.386     3.390     5.333     5.283     5.596
     7.438    10.725    13.366    15.825    16.472    15.519    12.530     9.379
     5.559     1.428    -1.236    -2.917    -2.743    -2.916    -2.502    -2.296
    -3.002    -1.898      .655     5.943    10.695    10.639    12.062    11.749
    10.755    10.912     9.292     6.851     3.993     1.538      .155     -.801
    -2.579    -2.720    -1.873     -.819     -.252      .827     -.920    -2.991
    -4.513    -6.070    -5.428    -6.345    -5.648    -3.744    -3.498    -2.787
    -1.862    -1.923    -2.021    -1.424    -2.131    -3.850    -4.633    -4.224
    -4.783    -5.307    -5.063    -4.592    -4.551    -5.404    -5.996    -8.199
    -7.350    -5.804    -6.216    -3.454    -2.183    -1.423     -.592    -1.676
    -3.840    -5.880    -6.180    -6.218    -6.219    -6.211    -6.209    -6.038
    -3.344     -.377     1.788     2.286     2.253     2.337     3.509     5.359
     5.184     6.600     6.340     4.542     5.025     6.165     7.527     6.741
     4.879     3.353     1.314     1.959     3.445     4.283     3.433     2.690
     1.979     1.247     1.226     1.294     1.846     3.064     3.941     2.798
     1.749     1.123     2.171     1.685     1.213     1.817     1.357     1.398
     1.393     1.622     1.175     -.343    -2.215    -3.511    -3.282    -3.122
    -4.084    -4.388    -4.119    -3.110    -2.771    -2.527    -3.681    -5.523
    -4.770    -1.345     -.243      .724     2.671     3.353     3.944     3.272
     3.915     3.111      .539    -1.803    -2.794    -2.544    -2.775    -1.138
      .014      .133      .003    -1.879    -4.378    -4.045    -2.709    -2.231
    -1.221    -1.369     -.021     -.415     -.488      .415      .815     1.906
      .812     1.181     2.596     1.678     1.109     1.248     1.693     1.353
      .377      .097      .331    -1.183    -2.078    -1.095     -.803      .360
     2.859     5.245     5.314     5.690     5.703     6.728     8.118     7.583
     7.806     5.075     3.952     1.824     -.462    -1.949    -3.655    -3.925
    -5.973    -7.792    -9.802    -9.630    -8.006    -5.441    -5.185    -4.994
    -4.432    -3.900    -3.864    -2.670     -.758    -2.841    -3.635    -3.932
    -4.496    -4.527    -3.395    -1.551      .122      .775     1.513     1.753
     1.014      .180      .411      .619      .236      .470      .246     2.149
     2.916     3.880     4.331     3.328     3.038     3.258     2.776     3.187
     2.434      .354      .469      .324      .418      .382      .495      .230
     1.896     3.033     3.271     1.444      .084    -1.434    -2.616    -3.637
    -3.478    -2.523    -1.651      .390      .465     -.975    -2.515    -2.275
     -.631      .560    -1.058     -.400      .159      .827     2.371      .544
      .600     2.888     3.038     2.064     1.216     1.979     1.952      .384
      .336     -.000     1.823     2.959     2.836     1.283     -.223     -.243
