nombre de la estacion:  alpi
Pais: mx
Ciudad o Estado: grr
Fecha: 2
Delta t: 0.005
Valor maximo de aceleracion de suelo: 128.242
id	Des	Vel.	Acel. Total.
0.100	0.108	6.677	429.349
0.200	0.209	6.063	206.952
0.400	0.314	5.735	78.017
0.600	0.373	4.111	41.270
0.800	0.971	7.670	60.337
1.000	1.297	9.319	51.689
1.200	1.555	9.203	42.768
1.400	1.624	9.386	33.000
1.600	1.810	10.736	28.365
1.800	2.012	8.877	24.772
2.000	1.944	8.180	19.461
2.200	1.747	7.461	14.624
2.400	1.528	7.067	10.831
2.600	1.494	6.799	9.021
2.800	1.633	6.458	8.421
3.000	1.742	5.991	7.900
3.200	1.791	5.423	7.202
3.400	1.864	5.007	6.502
3.600	2.338	5.208	7.298
3.800	2.754	5.173	7.725
