0
0
0
0
0
0
0
0
0
0
0
0
0
0
0
0
0
0
0
0
0
0
0
0
0
0
0
0
0
0
0
0
0
0
0
0
0
0
0
0
0
0
0
0
0
0
0
0
0
0
0
0
0
0
0
0
0
0
0
0
0
0
0
0
0
0
0
0
0
0
0
0
0
0
0
0
0
0
0
0
0
0
0
0
0
0
0
0
0
0
0
0
0
0
0
0
0
0
0
0
0
0
0
0
0
0
0
0
0
0
0
0
0
0
0
0
0
0
0
0
0
0
0
0
0
0
0
0
0
0
0
0
0
0
0
0
0
0
0
0
0
0
0
0
0
0
0
0
0
0
0
0
-0.957
-0.957
-0.957
-0.957
-0.957
-0.957
0
0
0.957
0.957
0.957
0.957
0
0
0
-0.957
-0.957
0
0
0
0.957
1.914
2.871
2.871
3.828
2.871
1.914
1.914
0.957
0.957
0
0
-0.957
-1.914
-1.914
-2.871
-2.871
-1.914
-0.957
0.957
1.914
1.914
1.914
0.957
0
-0.957
-0.957
-0.957
-1.914
-1.914
-1.914
-0.957
0
1.914
2.871
3.828
3.828
2.871
1.914
1.914
1.914
2.871
3.828
3.828
3.828
2.871
0
-0.957
0
0.957
0
-1.914
-3.828
-3.828
-3.828
-1.914
0
2.871
3.828
3.828
1.914
0
-1.914
-2.871
-2.871
-2.871
-1.914
-0.957
0
0.957
2.871
2.871
0.957
0
0
0.957
0.957
0.957
0.957
0.957
0.957
0.957
0.957
-0.957
-3.828
-5.742
-4.785
-1.914
0.957
2.871
2.871
2.871
2.871
0.957
-0.957
-2.871
-3.828
-3.828
-3.828
-4.785
-4.785
-2.871
0
1.914
2.871
2.871
2.871
1.914
0.957
0
0
-0.957
0
0
1.914
2.871
2.871
1.914
0.957
1.914
1.914
1.914
0
-0.957
-2.871
-3.828
-3.828
-1.914
0
0
-0.957
-1.914
-2.871
-2.871
-2.871
-2.871
-0.957
0
-1.914
-2.871
-2.871
-0.957
0
0
0
0
0
0.957
1.914
2.871
3.828
1.914
0
-0.957
0
0.957
0
-0.957
0
1.914
4.785
5.742
5.742
3.828
0.957
-3.828
-8.613
-10.527
-7.656
-4.785
-2.871
-0.957
0
0
1.914
3.828
3.828
0.957
-1.914
-2.871
-3.828
-1.914
1.914
4.785
6.699
5.742
4.785
3.828
3.828
1.914
-1.914
-3.828
-2.871
2.871
6.699
7.656
6.699
4.785
3.828
2.871
1.914
-1.914
-4.785
-4.785
-1.914
0
-0.957
-2.871
-4.785
-4.785
-2.871
0.957
3.828
3.828
1.914
-2.871
-5.742
-5.742
-3.828
-2.871
-1.914
-0.957
0
0
0
0
0
-3.828
-7.656
-10.527
-9.57
-3.828
3.828
7.656
7.656
2.871
-4.785
-11.484
-9.57
-1.914
4.785
7.656
7.656
5.742
5.742
7.656
7.656
2.871
-3.828
-8.613
-7.656
-5.742
-3.828
-0.957
2.871
5.742
3.828
-3.828
-10.527
-11.484
-9.57
-9.57
-7.656
-2.871
2.871
4.785
5.742
4.785
1.914
0
0
0.957
4.785
10.527
11.484
10.527
7.656
4.785
2.871
2.871
4.785
0.957
-6.699
-12.441
-10.527
-3.828
4.785
10.527
11.484
7.656
1.914
-2.871
-5.742
-2.871
2.871
5.742
2.871
1.914
2.871
4.785
7.656
8.613
6.699
2.871
0.957
-1.914
-3.828
-1.914
1.914
1.914
-1.914
-4.785
-6.699
-2.871
3.828
9.57
10.527
9.57
5.742
0
-7.656
-14.355
-20.098
-23.926
-21.055
-13.398
-2.871
6.699
11.484
9.57
5.742
3.828
2.871
0
-3.828
-4.785
-3.828
-2.871
-1.914
-3.828
-7.656
-9.57
-9.57
-5.742
0
3.828
3.828
3.828
6.699
10.527
10.527
7.656
8.613
12.441
11.484
0.957
-10.527
-16.27
-16.27
-12.441
-11.484
-16.27
-20.098
-18.184
-8.613
2.871
10.527
12.441
11.484
10.527
2.871
-6.699
-6.699
2.871
11.484
11.484
9.57
8.613
11.484
15.313
14.355
12.441
11.484
6.699
-2.871
-9.57
-14.355
-20.098
-25.84
-27.754
-28.711
-27.754
-22.969
-11.484
10.527
28.711
33.496
18.184
-8.613
-33.496
-44.98
-37.324
-16.27
1.914
13.398
17.227
18.184
14.355
3.828
-6.699
-10.527
-5.742
0
0.957
-0.957
1.914
7.656
9.57
8.613
9.57
10.527
1.914
-16.27
-36.367
-48.809
-43.066
-22.012
4.785
31.582
52.637
51.68
31.582
3.828
-19.141
-30.625
-35.41
-38.281
-42.109
-39.238
-23.926
0
19.141
26.797
19.141
8.613
2.871
0
-3.828
-9.57
-9.57
-2.871
5.742
12.441
11.484
2.871
-3.828
-3.828
-6.699
-11.484
-2.871
15.313
29.668
37.324
34.453
19.141
-1.914
-22.969
-33.496
-33.496
-24.883
-6.699
22.012
48.809
59.336
54.551
43.066
30.625
12.441
-16.27
-46.895
-58.379
-44.98
-18.184
5.742
23.926
29.668
20.098
9.57
8.613
10.527
8.613
3.828
1.914
5.742
10.527
15.313
18.184
11.484
-6.699
-22.969
-25.84
-18.184
-5.742
7.656
21.055
31.582
31.582
22.012
11.484
3.828
-3.828
-11.484
-15.313
-13.398
-11.484
-11.484
-3.828
11.484
23.926
25.84
21.055
11.484
0
-6.699
-10.527
-14.355
-11.484
-3.828
4.785
9.57
8.613
0.957
-10.527
-20.098
-15.313
4.785
30.625
45.938
42.109
26.797
12.441
4.785
-2.871
-9.57
-14.355
-18.184
-24.883
-29.668
-27.754
-25.84
-23.926
-18.184
-11.484
-2.871
10.527
18.184
14.355
8.613
7.656
2.871
-4.785
-8.613
-12.441
-22.012
-38.281
-53.594
-62.207
-49.766
-15.313
26.797
59.336
68.906
54.551
27.754
6.699
-6.699
-17.227
-28.711
-44.023
-59.336
-58.379
-30.625
8.613
35.41
44.98
44.023
38.281
30.625
28.711
27.754
20.098
2.871
-19.141
-33.496
-36.367
-34.453
-30.625
-25.84
-21.055
-19.141
-22.969
-26.797
-17.227
8.613
31.582
38.281
29.668
16.27
2.871
-11.484
-20.098
-19.141
-7.656
3.828
11.484
23.926
37.324
41.152
35.41
26.797
16.27
6.699
-4.785
-17.227
-25.84
-23.926
-15.313
-7.656
0
10.527
18.184
18.184
9.57
-5.742
-19.141
-24.883
-25.84
-19.141
-2.871
12.441
16.27
12.441
5.742
-4.785
-21.055
-30.625
-22.969
-10.527
-5.742
-9.57
-7.656
9.57
28.711
30.625
19.141
9.57
4.785
2.871
2.871
16.27
29.668
29.668
11.484
-8.613
-9.57
3.828
10.527
0
-15.313
-22.969
-28.711
-35.41
-35.41
-17.227
10.527
30.625
32.539
16.27
0
-4.785
-3.828
-6.699
-13.398
-22.012
-24.883
-17.227
-6.699
1.914
16.27
33.496
40.195
34.453
23.926
11.484
3.828
1.914
1.914
0
0
-2.871
-10.527
-18.184
-18.184
-15.313
-16.27
-14.355
-2.871
14.355
35.41
53.594
58.379
47.852
26.797
-4.785
-35.41
-51.68
-50.723
-40.195
-29.668
-22.969
-22.012
-17.227
-3.828
10.527
23.926
37.324
45.938
37.324
14.355
-5.742
-17.227
-19.141
-15.313
-14.355
-15.313
-14.355
-12.441
-15.313
-14.355
0
24.883
40.195
32.539
13.398
-2.871
-14.355
-24.883
-32.539
-34.453
-29.668
-9.57
19.141
37.324
33.496
13.398
-2.871
-5.742
0
7.656
5.742
-12.441
-34.453
-38.281
-22.012
-3.828
4.785
-2.871
-14.355
-11.484
14.355
44.023
56.465
55.508
52.637
44.98
22.012
-7.656
-29.668
-39.238
-36.367
-22.969
-9.57
-6.699
-4.785
8.613
30.625
44.98
44.98
32.539
8.613
-6.699
-5.742
-3.828
-7.656
-11.484
-8.613
4.785
28.711
45.938
39.238
11.484
-15.313
-20.098
-3.828
18.184
31.582
42.109
44.023
28.711
7.656
-7.656
-19.141
-25.84
-22.012
-8.613
0.957
0.957
0.957
0
0
6.699
17.227
16.27
8.613
-1.914
-15.313
-25.84
-25.84
-19.141
-12.441
-7.656
-6.699
-11.484
-22.012
-29.668
-31.582
-28.711
-22.012
-15.313
-10.527
-2.871
8.613
19.141
23.926
21.055
15.313
9.57
8.613
22.012
42.109
56.465
57.422
46.895
27.754
10.527
-9.57
-30.625
-35.41
-20.098
-8.613
-11.484
-15.313
-6.699
7.656
16.27
20.098
19.141
11.484
0.957
-10.527
-15.313
-8.613
1.914
4.785
1.914
2.871
0
-11.484
-24.883
-30.625
-28.711
-14.355
11.484
32.539
45.938
54.551
59.336
54.551
43.066
27.754
5.742
-18.184
-30.625
-35.41
-40.195
-39.238
-25.84
-1.914
25.84
39.238
31.582
11.484
-2.871
0
14.355
26.797
27.754
14.355
-14.355
-44.98
-55.508
-40.195
-15.313
0.957
5.742
0
-10.527
-17.227
-20.098
-25.84
-32.539
-38.281
-40.195
-29.668
-8.613
12.441
26.797
35.41
42.109
45.938
44.98
33.496
14.355
-3.828
-15.313
-26.797
-39.238
-39.238
-17.227
16.27
39.238
42.109
28.711
7.656
-18.184
-38.281
-46.895
-41.152
-25.84
-14.355
-10.527
-12.441
-20.098
-29.668
-31.582
-18.184
-1.914
0.957
-4.785
-3.828
6.699
19.141
30.625
41.152
44.023
33.496
11.484
-10.527
-23.926
-28.711
-23.926
-14.355
-3.828
0.957
2.871
12.441
32.539
48.809
52.637
44.023
28.711
13.398
-2.871
-11.484
-6.699
0
-0.957
-7.656
-15.313
-18.184
-15.313
-14.355
-14.355
-10.527
0
8.613
12.441
9.57
-1.914
-17.227
-32.539
-42.109
-42.109
-31.582
-12.441
3.828
10.527
11.484
10.527
4.785
-10.527
-28.711
-41.152
-46.895
-44.98
-40.195
-41.152
-44.023
-37.324
-21.055
-7.656
-2.871
0
3.828
4.785
1.914
-6.699
-14.355
-13.398
-1.914
12.441
17.227
10.527
-5.742
-22.969
-26.797
-13.398
3.828
13.398
18.184
23.926
26.797
21.055
9.57
-3.828
-15.313
-16.27
-1.914
22.969
46.895
57.422
50.723
35.41
25.84
30.625
35.41
26.797
5.742
-17.227
-35.41
-44.98
-44.023
-30.625
-14.355
-8.613
-14.355
-22.969
-26.797
-19.141
-3.828
11.484
22.012
27.754
22.012
8.613
3.828
8.613
12.441
4.785
-19.141
-53.594
-69.863
-56.465
-25.84
1.914
19.141
18.184
-7.656
-42.109
-64.121
-65.078
-52.637
-41.152
-33.496
-25.84
-15.313
0
18.184
31.582
34.453
28.711
21.055
14.355
8.613
-3.828
-21.055
-30.625
-32.539
-31.582
-33.496
-22.969
0
26.797
44.023
39.238
9.57
-28.711
-54.551
-57.422
-36.367
0
41.152
73.691
89.961
86.133
68.906
47.852
30.625
13.398
-3.828
-18.184
-27.754
-43.066
-66.035
-82.305
-71.777
-33.496
7.656
34.453
54.551
72.734
77.52
66.992
49.766
35.41
22.969
3.828
-19.141
-37.324
-50.723
-63.164
-68.906
-53.594
-18.184
22.969
55.508
73.691
77.52
76.563
79.434
79.434
66.992
46.895
21.055
-7.656
-29.668
-29.668
-8.613
15.313
26.797
20.098
-3.828
-34.453
-63.164
-71.777
-60.293
-37.324
-5.742
27.754
54.551
74.648
92.832
111.973
125.371
128.242
117.715
85.176
37.324
-9.57
-42.109
-50.723
-44.98
-42.109
-44.023
-42.109
-36.367
-31.582
-30.625
-24.883
-11.484
4.785
16.27
22.012
20.098
13.398
13.398
24.883
37.324
32.539
14.355
-2.871
-14.355
-18.184
-11.484
0
14.355
37.324
62.207
69.863
56.465
27.754
-3.828
-20.098
-17.227
-7.656
-2.871
5.742
15.313
3.828
-34.453
-74.648
-91.875
-78.477
-41.152
4.785
41.152
61.25
56.465
42.109
30.625
22.012
19.141
18.184
7.656
-15.313
-43.066
-61.25
-64.121
-56.465
-42.109
-22.012
-0.957
16.27
27.754
28.711
19.141
-0.957
-21.055
-32.539
-29.668
-24.883
-26.797
-39.238
-50.723
-52.637
-42.109
-25.84
-0.957
28.711
51.68
61.25
56.465
35.41
4.785
-30.625
-63.164
-77.52
-69.863
-50.723
-38.281
-45.938
-64.121
-73.691
-66.035
-50.723
-38.281
-29.668
-22.969
-22.012
-24.883
-25.84
-22.012
-22.012
-28.711
-35.41
-32.539
-20.098
-9.57
-10.527
-13.398
-15.313
-11.484
-5.742
5.742
25.84
48.809
63.164
60.293
44.023
26.797
19.141
26.797
39.238
45.938
42.109
34.453
27.754
20.098
9.57
0.957
-2.871
-5.742
-12.441
-21.055
-34.453
-50.723
-62.207
-55.508
-32.539
-4.785
22.969
42.109
49.766
44.98
39.238
39.238
43.066
46.895
47.852
41.152
25.84
6.699
-12.441
-29.668
-41.152
-39.238
-18.184
10.527
28.711
26.797
7.656
-19.141
-36.367
-39.238
-32.539
-22.012
-16.27
-16.27
-15.313
-1.914
23.926
50.723
66.992
70.82
66.992
60.293
53.594
51.68
57.422
58.379
45.938
18.184
-11.484
-26.797
-26.797
-19.141
-8.613
1.914
4.785
-10.527
-34.453
-45.938
-34.453
-12.441
6.699
17.227
19.141
12.441
2.871
-2.871
-2.871
-4.785
-9.57
-11.484
-10.527
-10.527
-11.484
-11.484
-15.313
-23.926
-30.625
-23.926
-1.914
21.055
27.754
15.313
-2.871
-10.527
4.785
40.195
78.477
103.359
105.273
80.391
33.496
-19.141
-55.508
-65.078
-48.809
-20.098
4.785
19.141
18.184
4.785
-9.57
-11.484
1.914
18.184
26.797
20.098
6.699
-8.613
-19.141
-24.883
-31.582
-44.023
-50.723
-38.281
-10.527
15.313
31.582
40.195
36.367
7.656
-31.582
-45.938
-19.141
25.84
58.379
61.25
46.895
39.238
39.238
32.539
14.355
-6.699
-17.227
-14.355
-11.484
-18.184
-28.711
-38.281
-44.98
-55.508
-66.992
-70.82
-60.293
-34.453
-5.742
15.313
22.012
17.227
8.613
-1.914
-7.656
-10.527
-6.699
3.828
13.398
15.313
4.785
-5.742
-4.785
13.398
38.281
51.68
43.066
19.141
-1.914
-6.699
2.871
17.227
29.668
34.453
30.625
18.184
1.914
-6.699
-4.785
0.957
0.957
-10.527
-32.539
-57.422
-77.52
-89.004
-88.047
-72.734
-41.152
-2.871
34.453
65.078
88.047
96.66
90.918
82.305
79.434
75.605
60.293
34.453
7.656
-8.613
-13.398
-15.313
-22.012
-35.41
-44.023
-41.152
-25.84
-11.484
-7.656
-14.355
-20.098
-18.184
-7.656
2.871
10.527
19.141
26.797
22.012
4.785
-18.184
-30.625
-30.625
-23.926
-18.184
-14.355
-4.785
9.57
21.055
27.754
35.41
45.938
59.336
66.035
55.508
35.41
11.484
-10.527
-29.668
-45.938
-51.68
-44.023
-25.84
-3.828
18.184
36.367
48.809
53.594
48.809
34.453
16.27
0
-15.313
-29.668
-44.023
-57.422
-66.035
-64.121
-50.723
-29.668
-7.656
8.613
18.184
22.969
28.711
43.066
61.25
72.734
68.906
50.723
27.754
7.656
-6.699
-13.398
-8.613
2.871
13.398
19.141
19.141
16.27
14.355
16.27
23.926
27.754
16.27
-4.785
-18.184
-19.141
-14.355
-8.613
2.871
19.141
29.668
30.625
26.797
21.055
13.398
1.914
-5.742
-6.699
0
8.613
11.484
4.785
-5.742
-18.184
-28.711
-34.453
-31.582
-19.141
-1.914
18.184
35.41
42.109
42.109
39.238
39.238
37.324
25.84
4.785
-18.184
-35.41
-44.023
-41.152
-28.711
-17.227
-12.441
-16.27
-22.969
-27.754
-32.539
-40.195
-49.766
-54.551
-50.723
-43.066
-33.496
-18.184
6.699
34.453
53.594
61.25
55.508
44.023
35.41
37.324
46.895
61.25
72.734
73.691
62.207
44.98
29.668
22.012
18.184
12.441
-0.957
-19.141
-35.41
-48.809
-53.594
-44.98
-23.926
-3.828
0.957
-8.613
-28.711
-52.637
-76.563
-93.789
-101.445
-90.918
-64.121
-29.668
-6.699
1.914
2.871
3.828
2.871
-0.957
-3.828
-2.871
-2.871
-6.699
-12.441
-15.313
-12.441
-4.785
5.742
19.141
31.582
38.281
35.41
19.141
-0.957
-15.313
-15.313
-2.871
22.012
50.723
69.863
66.992
44.98
19.141
0.957
-7.656
-10.527
-7.656
-0.957
3.828
3.828
3.828
9.57
22.012
35.41
41.152
33.496
15.313
-6.699
-23.926
-37.324
-43.066
-40.195
-29.668
-17.227
-8.613
-6.699
-7.656
-5.742
-0.957
2.871
8.613
18.184
29.668
38.281
41.152
35.41
18.184
-3.828
-24.883
-44.023
-62.207
-78.477
-84.219
-79.434
-64.121
-44.023
-24.883
-4.785
15.313
36.367
49.766
50.723
38.281
22.012
14.355
18.184
25.84
30.625
31.582
34.453
37.324
31.582
15.313
0.957
-3.828
0
3.828
0
-10.527
-16.27
-11.484
4.785
27.754
49.766
57.422
53.594
44.98
35.41
22.012
10.527
9.57
16.27
22.969
23.926
18.184
10.527
4.785
6.699
15.313
20.098
16.27
-0.957
-22.012
-35.41
-38.281
-33.496
-22.969
-11.484
0
3.828
2.871
1.914
0.957
-3.828
-7.656
-7.656
-8.613
-12.441
-12.441
-5.742
0
-1.914
-1.914
1.914
0
-7.656
-14.355
-12.441
-5.742
2.871
8.613
9.57
9.57
11.484
10.527
5.742
0
-2.871
-6.699
-11.484
-17.227
-15.313
-6.699
-2.871
-6.699
-14.355
-19.141
-19.141
-18.184
-15.313
-10.527
-6.699
-5.742
-4.785
-1.914
6.699
16.27
23.926
22.969
16.27
4.785
-7.656
-16.27
-18.184
-16.27
-12.441
-11.484
-17.227
-23.926
-28.711
-27.754
-22.012
-13.398
0
12.441
19.141
18.184
16.27
13.398
8.613
7.656
8.613
5.742
-3.828
-12.441
-18.184
-22.012
-29.668
-34.453
-35.41
-33.496
-25.84
-13.398
0
10.527
22.969
35.41
46.895
56.465
64.121
65.078
54.551
38.281
19.141
0
-17.227
-30.625
-40.195
-44.98
-45.938
-44.98
-43.066
-37.324
-24.883
-4.785
14.355
22.969
21.055
16.27
15.313
19.141
24.883
30.625
31.582
24.883
8.613
-6.699
-11.484
-10.527
-6.699
-3.828
-3.828
-3.828
-1.914
7.656
19.141
27.754
30.625
28.711
22.969
16.27
11.484
9.57
6.699
2.871
0
0
0
0
-2.871
-8.613
-17.227
-24.883
-29.668
-28.711
-26.797
-26.797
-25.84
-22.012
-18.184
-14.355
-10.527
-5.742
-1.914
-2.871
-5.742
-9.57
-11.484
-13.398
-13.398
-7.656
0.957
9.57
14.355
13.398
9.57
1.914
-7.656
-18.184
-22.969
-20.098
-12.441
-4.785
-0.957
0
2.871
10.527
22.012
34.453
42.109
39.238
26.797
10.527
-3.828
-9.57
-8.613
-4.785
-2.871
-6.699
-14.355
-20.098
-22.012
-19.141
-9.57
0
2.871
0
-1.914
0
2.871
6.699
13.398
19.141
19.141
12.441
4.785
0.957
3.828
7.656
11.484
12.441
8.613
0
-7.656
-7.656
0
8.613
10.527
4.785
-4.785
-12.441
-13.398
-8.613
-5.742
-8.613
-14.355
-15.313
-12.441
-9.57
-10.527
-14.355
-15.313
-12.441
-7.656
-4.785
-4.785
-7.656
-8.613
-5.742
-0.957
1.914
1.914
-1.914
-7.656
-10.527
-9.57
-6.699
-5.742
-4.785
0
8.613
15.313
16.27
11.484
3.828
-2.871
-3.828
0
4.785
8.613
7.656
4.785
3.828
3.828
3.828
6.699
7.656
5.742
-0.957
-7.656
-15.313
-19.141
-18.184
-16.27
-17.227
-18.184
-18.184
-18.184
-18.184
-15.313
-7.656
3.828
14.355
18.184
16.27
13.398
13.398
16.27
17.227
15.313
14.355
15.313
14.355
11.484
10.527
13.398
19.141
21.055
18.184
13.398
8.613
0.957
-7.656
-14.355
-16.27
-15.313
-15.313
-17.227
-20.098
-22.012
-22.012
-20.098
-14.355
-3.828
6.699
10.527
5.742
-0.957
-7.656
-12.441
-15.313
-14.355
-12.441
-8.613
-3.828
-0.957
0.957
1.914
7.656
14.355
18.184
15.313
10.527
5.742
4.785
6.699
5.742
0.957
-5.742
-10.527
-15.313
-19.141
-20.098
-19.141
-14.355
-9.57
-3.828
3.828
12.441
21.055
31.582
41.152
47.852
45.938
35.41
21.055
10.527
7.656
7.656
7.656
6.699
5.742
4.785
3.828
4.785
7.656
5.742
-0.957
-9.57
-13.398
-11.484
-10.527
-12.441
-15.313
-17.227
-14.355
-11.484
-11.484
-9.57
-8.613
-10.527
-12.441
-12.441
-10.527
-6.699
-4.785
-3.828
-5.742
-7.656
-10.527
-9.57
-6.699
-3.828
1.914
8.613
18.184
23.926
22.969
16.27
5.742
-1.914
-7.656
-12.441
-13.398
-10.527
-4.785
0.957
5.742
9.57
11.484
15.313
18.184
19.141
15.313
9.57
6.699
5.742
3.828
0
-0.957
6.699
16.27
21.055
19.141
15.313
11.484
5.742
0
-4.785
-4.785
0.957
5.742
4.785
-1.914
-3.828
-1.914
0
-1.914
-6.699
-11.484
-15.313
-20.098
-26.797
-31.582
-30.625
-24.883
-17.227
-7.656
-1.914
0
0
0
-0.957
0
2.871
8.613
15.313
20.098
19.141
12.441
5.742
0.957
-2.871
-3.828
-3.828
-4.785
-6.699
-10.527
-13.398
-15.313
-18.184
-20.098
-22.969
-24.883
-24.883
-22.012
-20.098
-19.141
-15.313
-7.656
-0.957
2.871
4.785
8.613
11.484
9.57
3.828
-3.828
-6.699
-5.742
-1.914
1.914
1.914
0
-3.828
-5.742
-5.742
0
8.613
14.355
10.527
1.914
-6.699
-8.613
-6.699
-2.871
2.871
7.656
7.656
3.828
0
0
3.828
7.656
11.484
14.355
15.313
16.27
15.313
11.484
5.742
0.957
-2.871
-6.699
-13.398
-20.098
-22.969
-22.012
-17.227
-12.441
-9.57
-6.699
-3.828
-4.785
-6.699
-2.871
4.785
8.613
8.613
3.828
-3.828
-8.613
-11.484
-12.441
-12.441
-10.527
-10.527
-12.441
-16.27
-15.313
-7.656
2.871
11.484
19.141
23.926
23.926
17.227
8.613
1.914
0
0
0
0
0
0.957
0.957
0.957
2.871
4.785
5.742
5.742
5.742
7.656
7.656
5.742
3.828
2.871
2.871
3.828
4.785
4.785
4.785
5.742
5.742
4.785
4.785
4.785
3.828
1.914
0
-2.871
-4.785
-5.742
-6.699
-5.742
-4.785
-4.785
-4.785
-3.828
-2.871
0.957
8.613
15.313
17.227
12.441
5.742
1.914
1.914
4.785
8.613
14.355
19.141
19.141
10.527
-2.871
-12.441
-12.441
-6.699
0
3.828
3.828
2.871
0.957
0.957
2.871
4.785
5.742
0
-10.527
-18.184
-21.055
-15.313
-8.613
-4.785
-0.957
3.828
6.699
5.742
3.828
0.957
-2.871
-7.656
-12.441
-12.441
-8.613
-6.699
-7.656
-10.527
-11.484
-11.484
-9.57
-5.742
0.957
6.699
7.656
3.828
-0.957
-3.828
-4.785
-3.828
-0.957
0
0
-0.957
-1.914
-2.871
0
5.742
10.527
10.527
5.742
0
-6.699
-11.484
-12.441
-10.527
-4.785
0
3.828
4.785
3.828
3.828
7.656
9.57
9.57
9.57
8.613
4.785
-1.914
-9.57
-12.441
-9.57
-1.914
5.742
10.527
10.527
7.656
2.871
-2.871
-9.57
-12.441
-10.527
-6.699
-6.699
-7.656
-9.57
-10.527
-7.656
-2.871
1.914
4.785
5.742
6.699
3.828
-1.914
-7.656
-12.441
-14.355
-12.441
-11.484
-13.398
-15.313
-14.355
-10.527
-5.742
0
4.785
10.527
12.441
10.527
5.742
2.871
0
0
1.914
3.828
4.785
4.785
3.828
1.914
0
-2.871
-5.742
-7.656
-6.699
-2.871
2.871
8.613
11.484
10.527
8.613
8.613
9.57
12.441
13.398
11.484
9.57
8.613
7.656
6.699
7.656
7.656
5.742
1.914
0
-1.914
-4.785
-6.699
-4.785
-1.914
-0.957
-1.914
-2.871
0
3.828
7.656
10.527
12.441
12.441
10.527
5.742
1.914
-0.957
-0.957
0
0
-3.828
-9.57
-13.398
-15.313
-12.441
-8.613
-1.914
4.785
8.613
9.57
7.656
3.828
-0.957
-5.742
-6.699
-4.785
-2.871
-3.828
-7.656
-11.484
-11.484
-9.57
-6.699
-3.828
-0.957
1.914
3.828
3.828
3.828
4.785
4.785
1.914
-2.871
-5.742
-6.699
-9.57
-11.484
-9.57
-4.785
0
4.785
7.656
5.742
3.828
0.957
0.957
3.828
5.742
5.742
1.914
-2.871
-8.613
-14.355
-19.141
-22.969
-23.926
-21.055
-16.27
-9.57
-3.828
2.871
6.699
8.613
7.656
8.613
11.484
11.484
5.742
-2.871
-9.57
-12.441
-11.484
-7.656
-1.914
3.828
5.742
2.871
-2.871
-6.699
-6.699
-4.785
-3.828
-1.914
-1.914
-3.828
-7.656
-10.527
-12.441
-16.27
-19.141
-20.098
-17.227
-11.484
-3.828
2.871
7.656
10.527
8.613
6.699
5.742
4.785
2.871
-0.957
-3.828
-7.656
-11.484
-13.398
-13.398
-10.527
-7.656
-4.785
-0.957
2.871
5.742
8.613
11.484
15.313
18.184
18.184
15.313
8.613
2.871
-0.957
-1.914
0.957
4.785
7.656
7.656
6.699
4.785
4.785
4.785
5.742
6.699
7.656
8.613
10.527
11.484
11.484
10.527
9.57
6.699
3.828
0
-2.871
-4.785
-6.699
-5.742
-2.871
0.957
4.785
6.699
5.742
0.957
-4.785
-7.656
-5.742
-0.957
3.828
5.742
3.828
0
-0.957
-0.957
0
0.957
1.914
0.957
0
-1.914
-3.828
-3.828
-1.914
-1.914
-3.828
-3.828
-3.828
-1.914
-0.957
-0.957
0
0.957
2.871
4.785
10.527
13.398
13.398
8.613
0.957
-3.828
-5.742
-2.871
0
0
0
-1.914
-2.871
-1.914
0
4.785
6.699
6.699
4.785
0
-2.871
-3.828
-3.828
-3.828
-2.871
-2.871
-3.828
-6.699
-6.699
-5.742
-2.871
-0.957
0
0
3.828
9.57
13.398
14.355
13.398
10.527
5.742
0.957
-2.871
-2.871
-1.914
0
1.914
3.828
3.828
3.828
3.828
3.828
4.785
5.742
4.785
1.914
-1.914
-1.914
0.957
4.785
7.656
8.613
8.613
8.613
8.613
6.699
2.871
-3.828
-10.527
-16.27
-18.184
-15.313
-7.656
0
0.957
-2.871
-5.742
-6.699
-4.785
-0.957
2.871
2.871
1.914
0
-0.957
1.914
7.656
12.441
13.398
11.484
8.613
7.656
7.656
8.613
8.613
7.656
4.785
0.957
-3.828
-7.656
-9.57
-8.613
-4.785
-0.957
3.828
6.699
8.613
7.656
4.785
0.957
-1.914
-3.828
-5.742
-4.785
-2.871
0
0
-1.914
-3.828
-3.828
-4.785
-4.785
-3.828
-2.871
-1.914
-2.871
-2.871
-3.828
-2.871
0
0.957
2.871
4.785
7.656
8.613
8.613
8.613
9.57
10.527
9.57
8.613
5.742
4.785
3.828
0.957
-1.914
-3.828
-2.871
-0.957
0
-0.957
-2.871
-4.785
-6.699
-9.57
-10.527
-9.57
-4.785
0
1.914
1.914
0
-1.914
-2.871
-2.871
-0.957
2.871
4.785
5.742
4.785
3.828
1.914
0.957
1.914
3.828
5.742
3.828
-3.828
-10.527
-14.355
-12.441
-6.699
0
7.656
12.441
13.398
12.441
11.484
9.57
6.699
2.871
-1.914
-5.742
-6.699
-5.742
-1.914
0
0
-0.957
-0.957
0
0.957
1.914
0.957
0
-1.914
-2.871
-1.914
0
1.914
2.871
0.957
-1.914
-2.871
-2.871
-0.957
0.957
2.871
4.785
4.785
3.828
0.957
-0.957
-1.914
-3.828
-4.785
-4.785
-3.828
-2.871
-2.871
-2.871
-2.871
-2.871
-2.871
-1.914
0
0
-1.914
-3.828
-6.699
-6.699
-3.828
0
2.871
3.828
1.914
-2.871
-5.742
-6.699
-5.742
-4.785
-5.742
-7.656
-8.613
-7.656
-3.828
0
4.785
7.656
8.613
6.699
3.828
0.957
-1.914
-2.871
-0.957
1.914
4.785
4.785
2.871
2.871
5.742
8.613
8.613
5.742
1.914
0
-0.957
0.957
3.828
7.656
10.527
11.484
9.57
7.656
4.785
0.957
-0.957
-1.914
-3.828
-6.699
-8.613
-9.57
-8.613
-5.742
-0.957
1.914
2.871
2.871
1.914
0
-1.914
-3.828
-5.742
-7.656
-9.57
-10.527
-9.57
-7.656
-3.828
0
2.871
7.656
11.484
12.441
11.484
11.484
11.484
11.484
7.656
1.914
-0.957
-1.914
-1.914
-2.871
-3.828
-4.785
-5.742
-4.785
-2.871
0.957
4.785
4.785
1.914
0
-2.871
-3.828
-2.871
0
1.914
2.871
0.957
-0.957
-2.871
-4.785
-6.699
-9.57
-11.484
-11.484
-9.57
-6.699
-3.828
-2.871
-0.957
0.957
2.871
2.871
2.871
2.871
2.871
0
-0.957
-0.957
0.957
1.914
1.914
1.914
0.957
0.957
0.957
2.871
5.742
7.656
8.613
8.613
9.57
11.484
11.484
11.484
10.527
8.613
5.742
2.871
0.957
0
-1.914
-2.871
-1.914
-1.914
-1.914
-1.914
-0.957
0
0
-1.914
-6.699
-11.484
-14.355
-11.484
-4.785
0
1.914
0
-0.957
-0.957
0
2.871
3.828
2.871
1.914
0.957
0.957
1.914
3.828
7.656
10.527
11.484
11.484
8.613
4.785
0
-2.871
-4.785
-6.699
-7.656
-8.613
-8.613
-5.742
-1.914
1.914
3.828
4.785
2.871
0.957
-1.914
-2.871
-3.828
-2.871
-0.957
0.957
2.871
4.785
6.699
8.613
8.613
6.699
2.871
-0.957
-4.785
-7.656
-7.656
-6.699
-3.828
0
3.828
7.656
10.527
11.484
11.484
10.527
8.613
4.785
2.871
0.957
0.957
0.957
-0.957
-4.785
-9.57
-12.441
-12.441
-9.57
-3.828
1.914
5.742
6.699
7.656
8.613
8.613
7.656
4.785
2.871
0.957
-1.914
-2.871
-2.871
-2.871
-0.957
0.957
2.871
2.871
3.828
3.828
3.828
4.785
5.742
6.699
5.742
4.785
3.828
0
-2.871
-3.828
-2.871
-1.914
-1.914
-0.957
0
0
-0.957
-1.914
-2.871
-2.871
0
3.828
4.785
2.871
0
-2.871
-4.785
-6.699
-5.742
-4.785
-3.828
-3.828
-4.785
-2.871
1.914
7.656
11.484
10.527
6.699
0.957
-3.828
-3.828
-0.957
2.871
4.785
3.828
0.957
-1.914
-2.871
-2.871
-1.914
-1.914
0
0.957
0
-0.957
0
1.914
5.742
9.57
11.484
12.441
11.484
8.613
4.785
2.871
1.914
1.914
0.957
0.957
2.871
3.828
2.871
2.871
4.785
6.699
5.742
5.742
5.742
5.742
3.828
0.957
-2.871
-3.828
-3.828
-2.871
-3.828
-2.871
0
2.871
6.699
9.57
10.527
10.527
8.613
3.828
-2.871
-9.57
-12.441
-12.441
-11.484
-10.527
-8.613
-6.699
-4.785
-2.871
0
3.828
6.699
6.699
2.871
-4.785
-11.484
-14.355
-13.398
-9.57
-5.742
-3.828
-3.828
-3.828
-3.828
-1.914
0.957
3.828
4.785
5.742
5.742
4.785
4.785
4.785
2.871
0
-1.914
-3.828
-3.828
-1.914
0.957
2.871
4.785
4.785
5.742
4.785
4.785
2.871
1.914
2.871
4.785
5.742
4.785
4.785
4.785
5.742
6.699
5.742
3.828
0.957
0
0.957
2.871
3.828
4.785
3.828
3.828
5.742
8.613
10.527
8.613
7.656
4.785
2.871
-0.957
-4.785
-7.656
-9.57
-9.57
-8.613
-6.699
-4.785
-2.871
0
1.914
4.785
7.656
8.613
6.699
2.871
-1.914
-3.828
-4.785
-3.828
-1.914
0
1.914
1.914
0.957
0
0
0
0
-1.914
-4.785
-7.656
-9.57
-7.656
-3.828
-1.914
-1.914
-1.914
-2.871
-3.828
-3.828
-2.871
0
3.828
4.785
3.828
1.914
0
0
-0.957
-0.957
-0.957
0
0
-0.957
-0.957
0
0.957
0.957
0.957
2.871
3.828
4.785
4.785
4.785
4.785
3.828
2.871
2.871
3.828
2.871
0.957
0
1.914
3.828
3.828
2.871
0.957
0.957
0
-0.957
0
0.957
2.871
2.871
1.914
0.957
1.914
3.828
3.828
2.871
0.957
0
0
0.957
2.871
4.785
3.828
2.871
0
-2.871
-4.785
-7.656
-9.57
-10.527
-11.484
-10.527
-9.57
-6.699
-4.785
-2.871
-0.957
0
0
0
0
1.914
3.828
4.785
5.742
5.742
6.699
6.699
4.785
2.871
1.914
0.957
0.957
0.957
0.957
1.914
2.871
3.828
4.785
5.742
5.742
4.785
4.785
3.828
1.914
0
-2.871
-4.785
-5.742
-6.699
-7.656
-8.613
-7.656
-4.785
0
5.742
8.613
8.613
5.742
2.871
0
-2.871
-3.828
-4.785
-4.785
-4.785
-3.828
-3.828
-3.828
-3.828
-2.871
-1.914
0
0.957
0.957
0
0
0
0
0
-1.914
-3.828
-3.828
-3.828
-0.957
1.914
3.828
3.828
2.871
1.914
1.914
0.957
0.957
0.957
2.871
1.914
0
-0.957
0
0
0.957
0
0
-0.957
-1.914
-2.871
-2.871
-3.828
-4.785
-7.656
-9.57
-8.613
-4.785
-1.914
0.957
0.957
0
-1.914
-2.871
-1.914
-0.957
-0.957
0
0
0.957
1.914
3.828
4.785
4.785
3.828
-0.957
-5.742
-9.57
-10.527
-11.484
-10.527
-8.613
-4.785
-0.957
1.914
3.828
5.742
7.656
7.656
7.656
7.656
8.613
8.613
8.613
5.742
2.871
0
-1.914
-3.828
-3.828
-2.871
-0.957
0.957
2.871
4.785
7.656
10.527
10.527
8.613
4.785
1.914
-0.957
-2.871
-3.828
-1.914
0
0.957
0.957
1.914
2.871
2.871
1.914
0.957
0
-0.957
0
1.914
2.871
0.957
-0.957
-3.828
-4.785
-5.742
-5.742
-4.785
-3.828
-2.871
-2.871
-2.871
-1.914
0
0.957
1.914
0.957
0.957
1.914
1.914
1.914
1.914
1.914
2.871
1.914
1.914
1.914
3.828
4.785
6.699
7.656
8.613
8.613
6.699
3.828
0.957
-1.914
-3.828
-5.742
-7.656
-10.527
-10.527
-7.656
-3.828
0
1.914
4.785
5.742
6.699
6.699
5.742
4.785
3.828
2.871
0
-3.828
-6.699
-10.527
-11.484
-10.527
-6.699
-1.914
0.957
2.871
4.785
5.742
4.785
3.828
3.828
1.914
0
-1.914
-3.828
-3.828
-3.828
-2.871
-1.914
-1.914
-2.871
-4.785
-5.742
-5.742
-4.785
-3.828
-2.871
-0.957
0
0.957
0
-2.871
-4.785
-6.699
-7.656
-8.613
-8.613
-6.699
-4.785
-1.914
0.957
3.828
6.699
7.656
8.613
9.57
10.527
10.527
8.613
5.742
2.871
-0.957
-3.828
-4.785
-4.785
-3.828
-0.957
0.957
2.871
3.828
3.828
4.785
4.785
5.742
4.785
3.828
0.957
-1.914
-3.828
-3.828
-2.871
0
0.957
1.914
0
-1.914
-3.828
-3.828
-2.871
-1.914
0
0.957
1.914
2.871
3.828
3.828
3.828
2.871
1.914
0.957
0.957
0.957
0
0
0
2.871
4.785
7.656
8.613
8.613
6.699
4.785
1.914
0
-2.871
-3.828
-3.828
-2.871
-1.914
0
0.957
2.871
4.785
7.656
7.656
4.785
0.957
-1.914
-2.871
-2.871
-0.957
0
0.957
0
0
-0.957
0
2.871
7.656
10.527
12.441
12.441
12.441
10.527
6.699
1.914
-0.957
-2.871
-4.785
-6.699
-8.613
-9.57
-9.57
-7.656
-6.699
-3.828
0
2.871
3.828
4.785
5.742
5.742
5.742
4.785
2.871
0
-2.871
-5.742
-6.699
-7.656
-6.699
-4.785
-3.828
-2.871
-1.914
-1.914
0
2.871
5.742
8.613
9.57
7.656
4.785
0.957
-2.871
-3.828
-3.828
-3.828
-2.871
-2.871
-2.871
-2.871
-1.914
0.957
3.828
4.785
4.785
4.785
2.871
0
-1.914
-3.828
-3.828
-3.828
-2.871
-1.914
0.957
2.871
4.785
7.656
9.57
10.527
11.484
11.484
8.613
4.785
0
-3.828
-5.742
-6.699
-6.699
-6.699
-4.785
-2.871
0
3.828
8.613
10.527
10.527
7.656
3.828
0
-4.785
-8.613
-10.527
-10.527
-10.527
-10.527
-10.527
-8.613
-6.699
-4.785
-2.871
-0.957
0
0.957
0.957
2.871
4.785
7.656
9.57
8.613
6.699
3.828
0
-2.871
-3.828
-3.828
-1.914
0
1.914
2.871
2.871
3.828
4.785
5.742
5.742
6.699
5.742
5.742
4.785
2.871
0.957
-1.914
-3.828
-7.656
-10.527
-11.484
-12.441
-12.441
-11.484
-10.527
-8.613
-4.785
-0.957
2.871
6.699
8.613
8.613
7.656
6.699
5.742
4.785
2.871
0.957
-0.957
-1.914
-3.828
-3.828
-3.828
-2.871
0
1.914
3.828
4.785
4.785
4.785
5.742
5.742
4.785
3.828
2.871
0
0
-1.914
-2.871
-3.828
-4.785
-4.785
-4.785
-3.828
-3.828
-2.871
-2.871
-2.871
-3.828
-3.828
-2.871
0
2.871
4.785
3.828
1.914
-0.957
-3.828
-4.785
-3.828
-2.871
-2.871
-2.871
-1.914
-0.957
0
1.914
2.871
3.828
2.871
2.871
1.914
2.871
4.785
5.742
7.656
7.656
7.656
5.742
4.785
3.828
3.828
2.871
1.914
0.957
1.914
4.785
7.656
9.57
9.57
7.656
4.785
2.871
0.957
-0.957
-2.871
-3.828
-4.785
-6.699
-7.656
-9.57
-10.527
-9.57
-7.656
-5.742
-3.828
-0.957
0.957
3.828
4.785
6.699
7.656
7.656
6.699
5.742
3.828
2.871
0
-2.871
-6.699
-7.656
-8.613
-6.699
-2.871
0.957
4.785
6.699
7.656
8.613
8.613
8.613
7.656
4.785
2.871
0.957
0
0
-0.957
-1.914
-1.914
-2.871
-3.828
-4.785
-6.699
-5.742
-4.785
-3.828
-2.871
-2.871
-0.957
0
2.871
2.871
1.914
0.957
0
0
0
0.957
1.914
0.957
0
-0.957
-1.914
-2.871
-3.828
-1.914
0
1.914
1.914
0.957
0.957
0.957
2.871
3.828
4.785
3.828
1.914
0
-1.914
-2.871
-3.828
-3.828
-2.871
-0.957
0.957
2.871
3.828
2.871
0.957
-1.914
-3.828
-3.828
-2.871
-2.871
-2.871
-3.828
-3.828
-3.828
-2.871
-1.914
0
0.957
1.914
2.871
2.871
3.828
4.785
4.785
4.785
3.828
0.957
-1.914
-4.785
-6.699
-5.742
-4.785
-3.828
-1.914
-1.914
-0.957
0.957
2.871
3.828
2.871
0.957
0
0
0
0
0
0.957
0.957
0.957
0.957
0
0
-1.914
-2.871
-3.828
-2.871
-1.914
-0.957
0
0
0
-1.914
-2.871
-2.871
-0.957
0.957
2.871
2.871
2.871
1.914
0.957
0.957
0.957
0.957
1.914
2.871
2.871
2.871
4.785
5.742
7.656
7.656
7.656
5.742
2.871
-0.957
-4.785
-5.742
-6.699
-5.742
-6.699
-7.656
-8.613
-9.57
-8.613
-7.656
-6.699
-3.828
-1.914
0
1.914
3.828
5.742
7.656
8.613
7.656
6.699
3.828
0
-3.828
-5.742
-4.785
-1.914
0.957
2.871
2.871
3.828
3.828
3.828
3.828
0.957
-1.914
-3.828
-3.828
-2.871
0
2.871
4.785
3.828
0.957
-1.914
-2.871
-2.871
-1.914
-0.957
-0.957
-1.914
0
1.914
3.828
3.828
2.871
0
-0.957
-0.957
0
0.957
2.871
2.871
3.828
4.785
5.742
5.742
4.785
3.828
2.871
3.828
5.742
7.656
7.656
4.785
2.871
0
-1.914
-2.871
-2.871
-1.914
-1.914
-0.957
0
1.914
2.871
0.957
0
-2.871
-3.828
-4.785
-3.828
-1.914
0
0.957
2.871
3.828
4.785
4.785
4.785
3.828
1.914
0
-2.871
-4.785
-6.699
-6.699
-5.742
-4.785
-3.828
-1.914
0
1.914
2.871
3.828
2.871
2.871
1.914
0.957
0.957
0
0
0.957
0.957
0.957
0.957
1.914
4.785
5.742
6.699
5.742
3.828
1.914
0
0
0.957
1.914
1.914
0
-0.957
-1.914
-1.914
-0.957
0.957
1.914
1.914
0.957
0.957
0.957
0.957
0.957
2.871
3.828
4.785
4.785
4.785
3.828
1.914
0
-2.871
-3.828
-3.828
-4.785
-4.785
-3.828
-0.957
0.957
3.828
5.742
5.742
3.828
0.957
-1.914
-2.871
-2.871
-1.914
-0.957
0.957
1.914
2.871
1.914
0.957
0.957
0.957
0
-0.957
-1.914
-1.914
-2.871
-3.828
-3.828
-2.871
-1.914
0
2.871
3.828
3.828
2.871
1.914
0
0
-0.957
-0.957
0
1.914
3.828
4.785
5.742
5.742
4.785
4.785
4.785
3.828
0.957
-1.914
-4.785
-6.699
-4.785
-1.914
1.914
4.785
5.742
5.742
4.785
4.785
4.785
3.828
0.957
-1.914
-3.828
-6.699
-7.656
-6.699
-4.785
-2.871
-0.957
0.957
2.871
4.785
4.785
4.785
3.828
1.914
-0.957
-2.871
-4.785
-5.742
-5.742
-3.828
-2.871
-0.957
0
0
0
0.957
2.871
4.785
5.742
7.656
6.699
4.785
2.871
1.914
0.957
0.957
0.957
0.957
0
0
-1.914
-0.957
0
0.957
0.957
0.957
1.914
2.871
3.828
4.785
5.742
5.742
3.828
1.914
0.957
0
0
0
0.957
0.957
1.914
1.914
1.914
1.914
0
-0.957
-1.914
-1.914
-1.914
-0.957
0
1.914
3.828
5.742
7.656
7.656
7.656
4.785
2.871
0
-2.871
-5.742
-6.699
-7.656
-6.699
-4.785
-2.871
-0.957
0
0.957
0
0
-0.957
-1.914
-1.914
-1.914
-1.914
-0.957
0.957
2.871
3.828
4.785
4.785
3.828
2.871
0.957
-1.914
-3.828
-5.742
-6.699
-8.613
-7.656
-6.699
-4.785
-3.828
-2.871
0
1.914
4.785
5.742
5.742
4.785
3.828
1.914
0
-0.957
-1.914
-2.871
-2.871
-2.871
-1.914
-1.914
-1.914
-2.871
-3.828
-3.828
-3.828
-2.871
-1.914
-0.957
-1.914
-1.914
-2.871
-2.871
-3.828
-4.785
-5.742
-4.785
-3.828
-2.871
-0.957
0.957
2.871
3.828
2.871
0.957
-0.957
-2.871
-2.871
-2.871
-0.957
0
0.957
1.914
2.871
4.785
5.742
5.742
4.785
3.828
0.957
-0.957
-2.871
-4.785
-4.785
-3.828
-3.828
-2.871
-1.914
-0.957
1.914
4.785
7.656
10.527
10.527
10.527
8.613
5.742
3.828
1.914
0
-0.957
-2.871
-4.785
-5.742
-5.742
-4.785
-2.871
0
2.871
4.785
5.742
6.699
6.699
5.742
5.742
5.742
4.785
3.828
1.914
0.957
0
0
0
0
-0.957
-1.914
-1.914
0
1.914
3.828
3.828
3.828
3.828
2.871
0.957
0
0
0
0
0.957
1.914
2.871
2.871
2.871
2.871
2.871
1.914
0.957
0
-0.957
-1.914
-1.914
-0.957
0
0.957
0.957
1.914
1.914
1.914
1.914
1.914
1.914
0.957
0
0
0.957
1.914
2.871
3.828
4.785
4.785
4.785
3.828
2.871
0.957
0.957
0.957
0.957
2.871
4.785
5.742
4.785
3.828
1.914
0
-2.871
-6.699
-8.613
-9.57
-9.57
-8.613
-6.699
-3.828
-0.957
1.914
4.785
7.656
8.613
9.57
8.613
7.656
4.785
1.914
-0.957
-3.828
-5.742
-5.742
-5.742
-4.785
-3.828
-3.828
-1.914
0
0.957
2.871
3.828
4.785
4.785
4.785
3.828
1.914
0.957
0
-1.914
-2.871
-2.871
-2.871
-2.871
-3.828
-4.785
-4.785
-2.871
-0.957
0.957
1.914
1.914
0
-1.914
-2.871
-1.914
-0.957
0
0
-0.957
-1.914
-1.914
-0.957
0.957
2.871
3.828
2.871
0.957
-1.914
-3.828
-4.785
-4.785
-4.785
-4.785
-4.785
-3.828
-2.871
-0.957
0
0.957
1.914
0.957
0
-1.914
-3.828
-4.785
-5.742
-4.785
-3.828
-2.871
-2.871
-1.914
-1.914
-1.914
-0.957
-0.957
-0.957
-0.957
-1.914
-1.914
-1.914
-1.914
-1.914
-2.871
-2.871
-3.828
-3.828
-2.871
-2.871
-1.914
-0.957
-0.957
0
1.914
4.785
5.742
4.785
3.828
0.957
0
-1.914
-0.957
0
0.957
0.957
0.957
1.914
1.914
1.914
1.914
0.957
0
-2.871
-3.828
-4.785
-4.785
-3.828
-2.871
-1.914
0
0
0.957
1.914
1.914
0.957
0.957
0
0
-0.957
-1.914
-1.914
-1.914
-0.957
0
0.957
0.957
0.957
0.957
0
0
0
0.957
1.914
2.871
3.828
5.742
6.699
7.656
8.613
7.656
5.742
4.785
3.828
3.828
2.871
1.914
1.914
0.957
0
0
0
0
0
0
0
0.957
0.957
0.957
0.957
0.957
0.957
0
-1.914
-2.871
-3.828
-3.828
-3.828
-3.828
-2.871
-0.957
0
1.914
2.871
2.871
2.871
2.871
2.871
0.957
0
-0.957
-1.914
-1.914
-1.914
-1.914
-0.957
0
0.957
0.957
0.957
0
0
-1.914
-2.871
-3.828
-4.785
-5.742
-4.785
-3.828
-1.914
0
1.914
2.871
4.785
4.785
3.828
2.871
2.871
2.871
2.871
2.871
2.871
1.914
0.957
0
-0.957
-1.914
-0.957
-0.957
0.957
2.871
3.828
3.828
3.828
2.871
1.914
0.957
0
0
0
0
0.957
0.957
0.957
0.957
0.957
2.871
3.828
3.828
3.828
2.871
1.914
0.957
0
-0.957
-1.914
-1.914
-0.957
0
0.957
1.914
2.871
2.871
1.914
1.914
0.957
0
0
0
0
0
0
0.957
0.957
0.957
0.957
0.957
0
-0.957
-0.957
0
0
0.957
0.957
0.957
0.957
0
0
0.957
0.957
0.957
0.957
0.957
0
0
0
0
0
-0.957
-1.914
-2.871
-3.828
-3.828
-2.871
-2.871
-1.914
-1.914
-0.957
0
0
0
0.957
0.957
1.914
1.914
0.957
0
0
0
-0.957
-1.914
-2.871
-2.871
-1.914
-1.914
-1.914
-1.914
-1.914
-1.914
-1.914
-2.871
-3.828
-3.828
-3.828
-2.871
-1.914
-0.957
0
0.957
0.957
0.957
0.957
0
-0.957
-0.957
-1.914
-1.914
-1.914
-1.914
-1.914
-0.957
-0.957
0
0
0
0
0
1.914
2.871
3.828
3.828
3.828
3.828
3.828
3.828
3.828
2.871
0.957
0
-0.957
-1.914
-2.871
-3.828
-3.828
-3.828
-3.828
-2.871
-0.957
0.957
2.871
3.828
3.828
3.828
1.914
0
0
-0.957
-1.914
-0.957
0
-0.957
-0.957
-0.957
-0.957
-0.957
0
0.957
0.957
0.957
0
0
0
1.914
3.828
4.785
4.785
3.828
2.871
0.957
0.957
1.914
1.914
1.914
0.957
0
0
0
0
0
0
0.957
0.957
1.914
2.871
2.871
3.828
3.828
3.828
3.828
3.828
3.828
2.871
2.871
2.871
2.871
1.914
1.914
1.914
2.871
2.871
1.914
0.957
0.957
0.957
0.957
0.957
1.914
1.914
2.871
2.871
3.828
3.828
3.828
3.828
3.828
3.828
2.871
0.957
0
-1.914
-2.871
-2.871
-1.914
0
0
0.957
0.957
0.957
0.957
0
0
0
-0.957
-0.957
-0.957
-0.957
-0.957
0
0
0
0.957
0.957
0.957
0
-1.914
-2.871
-3.828
-3.828
-3.828
-3.828
-2.871
-2.871
-1.914
0
0.957
1.914
1.914
1.914
0.957
0
0
-0.957
-0.957
-1.914
-1.914
-1.914
-0.957
-0.957
0
0.957
1.914
2.871
2.871
1.914
0.957
0
0
0
0.957
1.914
1.914
1.914
0.957
0.957
0.957
0.957
0.957
0.957
0.957
0
-0.957
-1.914
-0.957
0
0.957
0
0
-0.957
-1.914
-1.914
-1.914
0
0.957
0.957
0.957
0.957
1.914
2.871
3.828
3.828
3.828
2.871
1.914
0.957
-0.957
-1.914
-1.914
-1.914
-2.871
-3.828
-3.828
-3.828
-2.871
-2.871
-1.914
0
1.914
3.828
4.785
4.785
3.828
2.871
0.957
-0.957
-2.871
-3.828
-3.828
-3.828
-3.828
-2.871
-1.914
0
0.957
1.914
1.914
0.957
0.957
0
-0.957
-0.957
-1.914
-0.957
0
0
0
0
-0.957
-1.914
-1.914
-0.957
0
0
0.957
1.914
3.828
4.785
4.785
4.785
4.785
3.828
2.871
0.957
0
0
0
0.957
1.914
1.914
2.871
1.914
1.914
0.957
0
0
-0.957
-0.957
0
0
0
0
0
0
-0.957
-0.957
-0.957
0
0
0
-0.957
-1.914
-1.914
-2.871
-2.871
-2.871
-2.871
-3.828
-3.828
-2.871
-1.914
0
0.957
2.871
3.828
3.828
2.871
2.871
1.914
1.914
2.871
2.871
2.871
2.871
1.914
1.914
1.914
1.914
1.914
2.871
2.871
3.828
4.785
4.785
4.785
3.828
2.871
2.871
1.914
0.957
0.957
0.957
1.914
2.871
2.871
2.871
1.914
0
-0.957
-0.957
-1.914
-1.914
-1.914
-1.914
-1.914
-1.914
-1.914
-0.957
-0.957
0
0
0
0
-0.957
-0.957
-0.957
-0.957
-0.957
0
0
0.957
0.957
0.957
0
0
0
-0.957
-0.957
-0.957
-0.957
-1.914
-1.914
-1.914
-1.914
-1.914
-1.914
-1.914
-0.957
-0.957
0
0.957
0.957
1.914
1.914
0.957
0
0
0
0
0
0
-0.957
-1.914
-2.871
-2.871
-2.871
-2.871
-1.914
0
0.957
2.871
2.871
1.914
0.957
0.957
0
0
0
0
-0.957
-0.957
-0.957
0
0.957
0.957
0.957
0.957
0
0
-0.957
0
-0.957
-0.957
-1.914
-1.914
-1.914
-1.914
-1.914
-0.957
0
0.957
2.871
2.871
2.871
2.871
1.914
0.957
0
0
-1.914
-1.914
-1.914
-1.914
0
0
0.957
0.957
0
0
0
0
0.957
0.957
0.957
1.914
2.871
3.828
4.785
4.785
4.785
3.828
1.914
0
-0.957
-2.871
-2.871
-1.914
-0.957
0
0
0.957
0.957
0.957
0.957
0.957
0
0
-0.957
-0.957
0
0
0
0
-0.957
-0.957
-1.914
-0.957
0
0
0
0
0
-0.957
-0.957
-0.957
-0.957
-0.957
0
0
0
-0.957
-0.957
0
0
0
0
0
-0.957
-0.957
0
0.957
1.914
1.914
0.957
0
0
-0.957
-1.914
-1.914
-1.914
-1.914
-1.914
-2.871
-2.871
-1.914
0
0
0.957
0
0
0
0.957
0.957
1.914
0.957
0.957
0.957
1.914
2.871
3.828
3.828
3.828
3.828
2.871
1.914
1.914
1.914
1.914
0.957
0.957
0
-0.957
-0.957
-0.957
0
0
0
0
0.957
0.957
0.957
0.957
1.914
2.871
2.871
2.871
2.871
2.871
2.871
2.871
2.871
2.871
2.871
2.871
2.871
2.871
2.871
2.871
2.871
1.914
0.957
0
0
-0.957
-0.957
-0.957
-0.957
-0.957
0
0
0
0.957
1.914
2.871
3.828
3.828
2.871
0.957
0
0
-0.957
-0.957
-1.914
-1.914
-1.914
-1.914
-0.957
-0.957
0
0
0
0
0
0
0
-0.957
-0.957
-0.957
-0.957
0
0
0
0.957
1.914
1.914
1.914
0.957
0
0
0
0
1.914
2.871
2.871
2.871
2.871
1.914
0.957
0
0
0
0
0
-0.957
-0.957
-0.957
0
0
0.957
0.957
0.957
0
0
-0.957
0
0
0.957
0.957
0.957
0.957
0.957
0.957
0.957
0.957
0
0
-0.957
-1.914
-1.914
-1.914
-1.914
-1.914
-1.914
-2.871
-2.871
-1.914
-1.914
-0.957
0
0.957
1.914
1.914
1.914
1.914
1.914
0.957
0
0
-1.914
-1.914
-1.914
-0.957
0
0
0
0.957
0.957
0.957
0.957
0.957
0
0
0
0
0
0
0
0
0
0
0
0
0
0
0
0.957
2.871
3.828
3.828
3.828
2.871
2.871
1.914
0.957
0.957
0.957
0
0
0
0
0
0.957
1.914
1.914
1.914
0.957
0.957
0.957
0.957
0.957
0
0
0
0
-0.957
0
0
0
0
0
0
0
0
0.957
0.957
0.957
0.957
0.957
0
-0.957
-1.914
-1.914
-0.957
-0.957
0
0.957
0.957
1.914
1.914
1.914
1.914
0.957
0.957
0.957
0.957
0
0
-0.957
-1.914
-2.871
-2.871
-1.914
-1.914
-0.957
-0.957
0
0
0
0
0
0.957
0
0
0
0
0
0
-0.957
-1.914
-2.871
-2.871
-1.914
-1.914
-0.957
0
0
0.957
1.914
1.914
1.914
1.914
0.957
0.957
0.957
0.957
1.914
1.914
1.914
1.914
0.957
0
0
0
0
0
0.957
1.914
0.957
0.957
0
0
0
0
0
0
0
0
0
0.957
0.957
0.957
0.957
1.914
0.957
0.957
0.957
0.957
0.957
1.914
2.871
2.871
1.914
0.957
0
0
0
0
0
-0.957
-1.914
-1.914
-0.957
0
0.957
1.914
1.914
0.957
0.957
0.957
0
0
0
0
0
-0.957
-1.914
-1.914
-1.914
-0.957
0
0
0
0
0
0.957
0.957
0.957
0.957
0.957
0
0
0
-0.957
-0.957
0
0
0.957
0.957
1.914
1.914
2.871
2.871
2.871
2.871
2.871
2.871
2.871
2.871
2.871
1.914
1.914
0.957
0.957
0
0
0
0.957
0.957
0.957
0.957
1.914
1.914
0.957
0
0
0
0
0
0
0
-0.957
-0.957
-1.914
-0.957
0
0.957
0.957
1.914
1.914
2.871
2.871
2.871
2.871
3.828
3.828
3.828
3.828
2.871
0.957
0.957
0.957
0.957
0.957
0
0
0
0
0
0
0
0
0
0
0
0.957
0.957
0.957
0.957
0
0
0
0
0
0
-0.957
-1.914
-1.914
-2.871
-2.871
-1.914
-1.914
-1.914
-1.914
-0.957
0
0.957
0.957
1.914
1.914
1.914
1.914
0.957
0.957
0.957
0.957
0.957
1.914
1.914
1.914
0.957
0.957
0
-0.957
-0.957
-1.914
-1.914
-2.871
-2.871
-1.914
-1.914
-0.957
-0.957
-0.957
-0.957
-1.914
-1.914
-1.914
-1.914
-1.914
-1.914
-1.914
-1.914
-2.871
-2.871
-1.914
-1.914
-1.914
-1.914
-1.914
-0.957
0
0
0.957
1.914
1.914
2.871
1.914
1.914
0.957
0.957
0.957
0.957
0.957
0.957
0.957
0
-0.957
-1.914
-1.914
-1.914
-1.914
-0.957
0
0
0
0.957
1.914
1.914
1.914
1.914
0.957
0
0
0
0
0
0.957
0
0
0
0
0
0
0
0
0
0
0
0
0
0
0
0
0
0
0.957
0.957
0.957
0.957
0
0
-0.957
-0.957
-1.914
-2.871
-2.871
-1.914
-0.957
0
0.957
0.957
0.957
0
0
-0.957
-0.957
-0.957
0
0
0
0
0.957
0.957
0.957
0.957
0.957
0.957
0.957
0.957
0.957
0.957
0
0
0
0
-0.957
-0.957
0
0
0.957
2.871
2.871
3.828
3.828
3.828
2.871
0.957
0
0
0
0
0
0
0
0
-0.957
0
0
0
0
0
0
0
0
0.957
0.957
0.957
0.957
0.957
0.957
0.957
0.957
1.914
1.914
1.914
0.957
0.957
0.957
0.957
0.957
0.957
1.914
1.914
1.914
1.914
1.914
1.914
1.914
2.871
2.871
1.914
1.914
1.914
2.871
2.871
3.828
3.828
2.871
2.871
1.914
0.957
0.957
0.957
0.957
0.957
0
0
0
0
0
0
0
0
0
0
0.957
0.957
0.957
0
0
-0.957
-0.957
-1.914
-1.914
-1.914
-1.914
-1.914
-2.871
-2.871
-1.914
-0.957
0
0
0
0
0
0
0.957
0.957
0.957
0.957
0.957
0
0
-0.957
-0.957
-0.957
-1.914
-1.914
-0.957
-0.957
0
0
0
0.957
0.957
0.957
0.957
0.957
0
0
0
0
0
0
0
0
0
0
0.957
0.957
0.957
1.914
0.957
0.957
0.957
0.957
0.957
1.914
1.914
0.957
0.957
0.957
0.957
0.957
0.957
0.957
0.957
0
0
-0.957
-0.957
-0.957
0
0.957
0.957
1.914
1.914
1.914
1.914
2.871
1.914
1.914
0.957
0.957
0.957
0
0
0
0
-0.957
-0.957
-0.957
-0.957
0
0
0
0
0
0
0
0.957
0.957
0.957
1.914
1.914
2.871
2.871
1.914
0.957
0
0
0
0.957
0.957
1.914
1.914
1.914
1.914
0.957
0.957
0.957
0.957
0.957
0.957
0.957
0.957
0.957
0.957
0.957
1.914
1.914
1.914
2.871
3.828
3.828
3.828
2.871
2.871
1.914
0.957
0
0
0
0
0
0.957
0.957
1.914
2.871
2.871
2.871
2.871
2.871
1.914
0.957
0.957
0
0
-0.957
-0.957
-1.914
-1.914
-0.957
0
0
0.957
0.957
0.957
0.957
0
-0.957
-1.914
-1.914
-2.871
-2.871
-2.871
-1.914
-1.914
-0.957
-0.957
0
0.957
0.957
1.914
1.914
0.957
0.957
0.957
0.957
0.957
0.957
0
0
-0.957
0
0
0
0
0
0
0
0
0
0
0
0
0
0
0
0
0
0
0
0
0.957
0.957
0.957
0.957
0
0
0
0.957
0.957
0.957
0.957
0.957
0.957
0.957
0.957
0.957
0
0
0
0.957
1.914
1.914
2.871
1.914
1.914
1.914
1.914
1.914
0.957
0.957
0
0
0
0
0
0
0
-0.957
-1.914
-1.914
-1.914
-1.914
-0.957
-0.957
-0.957
0
-0.957
-0.957
-0.957
0
0
0.957
0.957
0
0
0
0
0.957
0.957
0
0
0
-0.957
-0.957
-0.957
-0.957
-0.957
-1.914
-2.871
-3.828
-3.828
-2.871
-2.871
-1.914
-0.957
-0.957
0
0
0
0
0
-1.914
-1.914
-2.871
-2.871
-2.871
-2.871
-1.914
-1.914
-1.914
