0.479
-0.479
-0.479
-0.479
0.479
-0.479
-0.479
0.479
0.479
0.479
-0.479
-0.479
0.479
-0.479
-0.479
-0.479
0.479
0.479
0.479
0.479
0.479
0.479
-0.479
0.479
-0.479
0.479
-0.479
0.479
-0.479
-0.479
-0.479
-0.479
0.479
-0.479
-0.479
-0.479
-0.479
0.479
0.479
-0.479
-0.479
0.479
0.479
-0.479
0.479
0.479
-0.479
-0.479
0.479
-0.479
0.479
-0.479
-0.479
0.479
0.479
-0.479
-0.479
0.479
0.479
-0.479
-0.479
0.479
0.479
0.479
0.479
0.479
-0.479
-0.479
0.479
-0.479
-0.479
-0.479
-0.479
-0.479
0.479
-0.479
-0.479
-0.479
-0.479
0.479
0.479
-0.479
0.479
0.479
0.479
0.479
-0.479
-0.479
-0.479
0.479
0.479
0.479
0.479
0.479
-0.479
0.479
0.479
0.479
-0.479
0.479
-0.479
-0.479
-0.479
-0.479
-0.479
0.479
0.479
0.479
0.479
0.479
0.479
-0.479
-0.479
0.479
0.479
-0.479
0.479
-0.479
0.479
-0.479
0.479
0.479
-0.479
-0.479
0.479
-0.479
-0.479
-0.479
0.479
0.479
0.479
-0.479
-0.479
0.479
-0.479
0.479
-0.479
-0.479
0.479
0.479
0.479
0.479
-0.479
-0.479
-0.479
0.479
-0.479
0.479
0.479
0.479
0.479
0.479
0.479
0.479
0.479
0.479
0.479
0.479
0.479
0.479
0.479
0.479
0.479
0.479
0.479
0.479
0.479
-0.479
-0.479
-0.479
-0.479
-0.479
-0.479
-0.479
-0.479
-0.479
-0.479
-0.479
-0.479
-1.436
-1.436
-1.436
-0.479
-0.479
-0.479
0.479
1.436
1.436
1.436
0.479
0.479
0.479
0.479
0.479
0.479
0.479
0.479
0.479
-0.479
-0.479
-0.479
-0.479
0.479
0.479
0.479
0.479
0.479
-1.436
-2.393
-2.393
-2.393
-2.393
-1.436
-1.436
-1.436
-2.393
-1.436
0.479
2.393
2.393
0.479
0.479
1.436
1.436
-0.479
-2.393
-1.436
-0.479
0.479
-0.479
-0.479
0.479
2.393
2.393
0.479
-0.479
-0.479
0.479
-0.479
-2.393
-3.35
-2.393
-0.479
0.479
0.479
-2.393
-4.307
-3.35
-0.479
0.479
1.436
1.436
2.393
3.35
4.307
5.264
4.307
1.436
-0.479
-0.479
0.479
0.479
0.479
-1.436
-2.393
-0.479
2.393
2.393
-0.479
-1.436
0.479
2.393
0.479
-1.436
0.479
3.35
4.307
0.479
-2.393
-3.35
-2.393
-1.436
-1.436
-2.393
-1.436
0.479
1.436
2.393
2.393
4.307
4.307
1.436
-2.393
-4.307
-5.264
-4.307
-2.393
0.479
2.393
2.393
3.35
3.35
3.35
3.35
3.35
4.307
3.35
0.479
-2.393
-3.35
-1.436
-0.479
-2.393
-1.436
2.393
5.264
4.307
2.393
-0.479
-0.479
0.479
0.479
2.393
3.35
2.393
-0.479
-2.393
-0.479
1.436
0.479
-2.393
-3.35
-1.436
2.393
5.264
3.35
-0.479
-1.436
-1.436
-4.307
-5.264
-4.307
0.479
4.307
5.264
4.307
4.307
4.307
4.307
3.35
0.479
-2.393
-2.393
-2.393
-1.436
-2.393
-1.436
0.479
-0.479
-3.35
-3.35
0.479
1.436
-2.393
-6.221
-7.178
-3.35
2.393
4.307
3.35
1.436
2.393
3.35
3.35
0.479
-2.393
-2.393
1.436
2.393
-0.479
-3.35
-4.307
-1.436
0.479
1.436
1.436
2.393
3.35
2.393
-1.436
-3.35
-1.436
1.436
2.393
1.436
4.307
7.178
5.264
1.436
0.479
0.479
-1.436
-5.264
-5.264
-0.479
7.178
11.963
11.006
8.135
2.393
-3.35
-4.307
-0.479
4.307
8.135
7.178
0.479
-2.393
-0.479
0.479
-6.221
-13.877
-13.877
-3.35
7.178
8.135
2.393
-0.479
3.35
9.092
7.178
2.393
2.393
9.092
11.963
3.35
-8.135
-9.092
-0.479
8.135
11.006
10.049
7.178
0.479
-8.135
-12.92
-13.877
-13.877
-11.963
-7.178
0.479
4.307
4.307
0.479
-5.264
-9.092
-9.092
-4.307
4.307
13.877
19.619
17.705
11.963
4.307
-5.264
-12.92
-12.92
-3.35
7.178
8.135
2.393
-4.307
-8.135
-6.221
-6.221
-11.006
-15.791
-12.92
-3.35
4.307
6.221
4.307
2.393
1.436
-3.35
-8.135
-4.307
7.178
15.791
12.92
4.307
-3.35
-5.264
-2.393
0.479
0.479
-2.393
-1.436
5.264
13.877
18.662
18.662
11.963
5.264
1.436
0.479
-0.479
-4.307
-10.049
-11.006
-4.307
1.436
3.35
-0.479
-3.35
-5.264
-6.221
-3.35
0.479
0.479
-0.479
3.35
10.049
8.135
-1.436
-5.264
3.35
15.791
15.791
6.221
-3.35
-4.307
1.436
5.264
1.436
-4.307
-2.393
5.264
11.963
7.178
-8.135
-16.748
-6.221
7.178
2.393
-7.178
-3.35
7.178
9.092
-4.307
-17.705
-15.791
0.479
11.006
8.135
2.393
-6.221
-15.791
-17.705
-7.178
8.135
20.576
28.232
28.232
23.447
17.705
11.963
11.963
19.619
27.275
27.275
15.791
-3.35
-25.361
-35.889
-30.146
-17.705
-8.135
-1.436
6.221
15.791
18.662
7.178
-12.92
-22.49
-11.006
1.436
4.307
4.307
10.049
13.877
11.963
7.178
6.221
11.963
23.447
31.104
25.361
11.006
-5.264
-15.791
-14.834
-4.307
6.221
13.877
12.92
3.35
-6.221
-9.092
-9.092
-17.705
-30.146
-27.275
0.479
33.018
45.459
26.318
-4.307
-14.834
-1.436
13.877
13.877
3.35
0.479
8.135
17.705
15.791
2.393
-7.178
0.479
10.049
7.178
-2.393
-8.135
-7.178
-1.436
-1.436
-6.221
-8.135
-8.135
-5.264
2.393
1.436
-11.963
-18.662
-8.135
11.963
18.662
11.963
2.393
-4.307
-16.748
-38.76
-54.072
-45.459
-20.576
4.307
25.361
35.889
33.975
25.361
14.834
3.35
-5.264
-9.092
-7.178
1.436
5.264
-2.393
-11.963
-13.877
-14.834
-25.361
-34.932
-27.275
-8.135
5.264
7.178
7.178
8.135
3.35
-2.393
-0.479
7.178
11.006
6.221
-0.479
-5.264
-4.307
4.307
14.834
16.748
10.049
3.35
-3.35
-12.92
-22.49
-31.104
-37.803
-33.018
-15.791
2.393
13.877
20.576
21.533
15.791
0.479
-10.049
-16.748
-19.619
-14.834
-8.135
-8.135
-6.221
7.178
17.705
9.092
-8.135
-18.662
-17.705
-7.178
10.049
22.49
25.361
23.447
12.92
-0.479
-7.178
-4.307
3.35
14.834
28.232
33.975
25.361
11.006
0.479
-3.35
0.479
1.436
-7.178
-15.791
-15.791
-7.178
8.135
22.49
23.447
11.963
4.307
7.178
13.877
14.834
1.436
-22.49
-34.932
-16.748
16.748
38.76
40.674
26.318
11.006
-0.479
-15.791
-32.061
-40.674
-36.846
-30.146
-25.361
-9.092
11.006
27.275
37.803
44.502
47.373
36.846
8.135
-20.576
-26.318
-7.178
11.963
11.006
-0.479
-2.393
5.264
4.307
-11.006
-24.404
-26.318
-23.447
-11.963
4.307
18.662
24.404
17.705
2.393
-11.006
-18.662
-19.619
-16.748
-8.135
3.35
9.092
11.963
17.705
19.619
20.576
23.447
19.619
9.092
0.479
-9.092
-19.619
-23.447
-13.877
-3.35
2.393
9.092
12.92
1.436
-21.533
-33.018
-23.447
-4.307
-0.479
-11.963
-9.092
13.877
26.318
11.963
-10.049
-13.877
-3.35
-1.436
0.479
11.963
25.361
21.533
-0.479
-18.662
-17.705
-9.092
-10.049
-13.877
-3.35
17.705
24.404
11.006
-4.307
-4.307
11.963
29.189
23.447
6.221
3.35
18.662
33.018
28.232
-0.479
-29.189
-33.018
-19.619
-11.006
-11.963
-11.006
-6.221
-4.307
-11.006
-27.275
-38.76
-30.146
-9.092
8.135
19.619
26.318
22.49
13.877
11.963
14.834
11.963
4.307
-4.307
-14.834
-21.533
-18.662
-12.92
-7.178
2.393
4.307
-7.178
-19.619
-20.576
-11.006
4.307
16.748
18.662
15.791
18.662
18.662
7.178
-4.307
0.479
7.178
4.307
-5.264
-15.791
-13.877
-3.35
0.479
-8.135
-10.049
-3.35
3.35
0.479
-1.436
9.092
26.318
26.318
3.35
-17.705
-14.834
4.307
14.834
5.264
-11.963
-12.92
11.963
45.459
55.986
32.061
-5.264
-28.232
-31.104
-21.533
-14.834
-16.748
-22.49
-14.834
8.135
31.104
35.889
15.791
-18.662
-41.631
-34.932
-11.006
5.264
2.393
-7.178
-4.307
1.436
-4.307
-24.404
-40.674
-31.104
3.35
33.975
34.932
14.834
2.393
8.135
18.662
19.619
-2.393
-33.018
-41.631
-16.748
14.834
27.275
17.705
-5.264
-22.49
-17.705
5.264
16.748
-1.436
-34.932
-55.029
-45.459
-21.533
-9.092
-1.436
15.791
33.975
35.889
21.533
-0.479
-23.447
-37.803
-36.846
-30.146
-20.576
-7.178
9.092
19.619
22.49
14.834
-5.264
-18.662
-18.662
-13.877
-1.436
16.748
23.447
11.963
5.264
15.791
33.018
42.588
45.459
35.889
17.705
2.393
-11.006
-27.275
-40.674
-33.975
-9.092
15.791
29.189
27.275
7.178
-23.447
-41.631
-38.76
-21.533
-5.264
-3.35
-2.393
14.834
28.232
9.092
-24.404
-30.146
-8.135
7.178
4.307
3.35
9.092
9.092
-2.393
-16.748
-25.361
-22.49
-11.963
-3.35
6.221
12.92
13.877
10.049
9.092
14.834
14.834
7.178
-3.35
-11.963
-15.791
-15.791
-19.619
-17.705
-5.264
11.963
23.447
27.275
21.533
0.479
-27.275
-40.674
-35.889
-27.275
-17.705
-11.006
-1.436
19.619
40.674
38.76
11.963
-14.834
-14.834
4.307
18.662
21.533
21.533
14.834
-8.135
-30.146
-33.975
-20.576
-4.307
2.393
0.479
-8.135
-15.791
-23.447
-29.189
-30.146
-28.232
-21.533
-5.264
18.662
37.803
45.459
41.631
31.104
19.619
14.834
13.877
5.264
-5.264
-3.35
4.307
-3.35
-26.318
-37.803
-24.404
0.479
17.705
27.275
34.932
33.975
22.49
10.049
-0.479
-11.006
-18.662
-15.791
-1.436
14.834
21.533
14.834
3.35
-1.436
-9.092
-21.533
-27.275
-19.619
-0.479
20.576
37.803
48.33
45.459
25.361
-4.307
-30.146
-39.717
-27.275
-5.264
12.92
17.705
3.35
-14.834
-16.748
-7.178
-6.221
-12.92
-24.404
-27.275
-30.146
-34.932
-30.146
-17.705
-4.307
6.221
14.834
20.576
23.447
22.49
10.049
-4.307
-9.092
-2.393
10.049
19.619
22.49
20.576
11.006
-7.178
-20.576
-22.49
-14.834
-3.35
4.307
10.049
15.791
11.963
-7.178
-34.932
-54.072
-47.373
-15.791
20.576
44.502
54.072
63.643
77.041
79.912
62.686
32.061
7.178
0.479
12.92
28.232
33.018
27.275
21.533
20.576
22.49
25.361
26.318
24.404
29.189
47.373
63.643
56.943
29.189
2.393
-15.791
-36.846
-63.643
-101.924
-134.463
-147.861
-136.377
-110.537
-79.912
-61.729
-68.428
-91.396
-105.752
-87.568
-46.416
-11.006
13.877
30.146
45.459
54.072
54.072
54.072
60.771
64.6
61.729
52.158
42.588
37.803
34.932
23.447
8.135
2.393
-0.479
-11.963
-25.361
-33.018
-31.104
-21.533
-23.447
-54.072
-86.611
-77.998
-23.447
45.459
102.881
140.205
152.646
140.205
112.451
84.697
66.514
49.287
26.318
-0.479
-24.404
-34.932
-35.889
-45.459
-63.643
-78.955
-86.611
-86.611
-77.041
-63.643
-55.029
-41.631
-23.447
-2.393
9.092
13.877
22.49
48.33
98.096
146.904
155.518
113.408
43.545
-25.361
-84.697
-137.334
-173.701
-171.787
-128.721
-65.557
-5.264
44.502
81.826
103.838
104.795
91.396
68.428
37.803
-4.307
-53.115
-81.826
-61.729
-4.307
52.158
88.525
101.924
94.268
73.213
46.416
23.447
19.619
33.975
48.33
57.9
58.857
38.76
-4.307
-60.771
-114.365
-158.389
-185.186
-195.713
-190.928
-162.217
-97.139
-11.006
53.115
71.299
57.9
36.846
16.748
5.264
16.748
57.9
107.666
130.635
126.807
95.225
55.029
22.49
15.791
33.018
54.072
50.244
11.006
-60.771
-148.818
-233.037
-294.287
-314.385
-282.803
-207.197
-104.795
-0.479
66.514
64.6
11.963
-45.459
-89.482
-117.236
-126.807
-114.365
-70.342
11.006
109.58
175.615
172.744
113.408
27.275
-56.943
-118.193
-144.033
-131.592
-87.568
-40.674
-19.619
-33.018
-50.244
-30.146
29.189
100.967
167.002
223.467
260.791
256.963
190.928
80.869
-33.018
-119.15
-174.658
-207.197
-216.768
-205.283
-192.842
-198.584
-220.596
-226.338
-171.787
-69.385
27.275
97.139
120.107
119.15
122.021
136.377
148.818
138.291
106.709
68.428
33.975
0.479
-37.803
-77.998
-111.494
-127.764
-119.15
-78.955
-2.393
97.139
179.443
204.326
161.26
85.654
30.146
19.619
38.76
49.287
31.104
-10.049
-55.029
-84.697
-81.826
-48.33
-6.221
14.834
7.178
-16.748
-49.287
-85.654
-120.107
-138.291
-122.021
-75.127
-26.318
4.307
14.834
15.791
26.318
60.771
110.537
160.303
198.584
229.209
254.092
270.361
263.662
226.338
161.26
77.041
-14.834
-90.439
-124.893
-110.537
-81.826
-63.643
-80.869
-111.494
-122.979
-92.354
-27.275
46.416
100.01
119.15
111.494
85.654
52.158
18.662
-6.221
-18.662
-17.705
-11.006
-8.135
-8.135
-3.35
18.662
63.643
131.592
216.768
300.029
345.967
314.385
211.982
92.354
2.393
-52.158
-82.783
-102.881
-122.021
-142.119
-161.26
-170.83
-155.518
-111.494
-53.115
-8.135
9.092
1.436
-17.705
-41.631
-65.557
-75.127
-50.244
4.307
62.686
101.924
104.795
74.17
33.975
13.877
15.791
15.791
-11.006
-67.471
-133.506
-183.271
-200.498
-189.014
-168.916
-146.904
-132.549
-118.193
-92.354
-50.244
5.264
61.729
93.311
77.998
18.662
-45.459
-81.826
-83.74
-59.814
-28.232
-0.479
10.049
-0.479
-15.791
-11.963
19.619
72.256
126.807
164.131
170.83
149.775
118.193
98.096
89.482
83.74
77.998
73.213
60.771
30.146
-14.834
-62.686
-99.053
-114.365
-98.096
-47.373
14.834
52.158
42.588
-4.307
-65.557
-111.494
-125.85
-108.623
-80.869
-58.857
-43.545
-24.404
4.307
37.803
65.557
79.912
70.342
32.061
-15.791
-48.33
-46.416
-8.135
57.9
122.979
168.916
179.443
150.732
73.213
-42.588
-163.174
-251.221
-296.201
-314.385
-314.385
-266.533
-159.346
-21.533
108.623
172.744
126.807
11.006
-102.881
-149.775
-99.053
7.178
102.881
159.346
187.1
195.713
187.1
158.389
122.021
96.182
83.74
69.385
42.588
8.135
-20.576
-27.275
-21.533
-32.061
-65.557
-95.225
-96.182
-69.385
-49.287
-60.771
-94.268
-137.334
-195.713
-267.49
-318.213
-306.729
-226.338
-111.494
-4.307
83.74
156.475
219.639
269.404
299.072
304.814
278.018
206.24
100.01
-7.178
-87.568
-121.064
-107.666
-50.244
22.49
78.955
97.139
78.955
45.459
18.662
12.92
31.104
61.729
82.783
80.869
49.287
0.479
-47.373
-78.955
-79.912
-45.459
12.92
72.256
106.709
104.795
73.213
29.189
-11.006
-44.502
-73.213
-96.182
-99.053
-65.557
0.479
76.084
121.064
117.236
80.869
42.588
16.748
-4.307
-33.975
-82.783
-143.076
-194.756
-209.111
-166.045
-77.041
19.619
90.439
111.494
80.869
15.791
-59.814
-127.764
-180.4
-216.768
-223.467
-186.143
-115.322
-43.545
11.963
42.588
53.115
55.986
59.814
56.943
40.674
20.576
3.35
-18.662
-48.33
-73.213
-69.385
-33.975
18.662
74.17
111.494
114.365
91.396
68.428
52.158
39.717
27.275
16.748
10.049
4.307
-3.35
-20.576
-48.33
-76.084
-95.225
-104.795
-110.537
-113.408
-102.881
-65.557
-0.479
76.084
132.549
137.334
81.826
1.436
-61.729
-84.697
-70.342
-30.146
15.791
58.857
87.568
93.311
74.17
37.803
2.393
-13.877
-11.006
-9.092
-23.447
-46.416
-66.514
-86.611
-109.58
-129.678
-125.85
-88.525
-30.146
27.275
68.428
89.482
94.268
81.826
51.201
11.006
-26.318
-45.459
-42.588
-20.576
6.221
29.189
47.373
60.771
61.729
45.459
14.834
-17.705
-50.244
-89.482
-131.592
-161.26
-168.916
-162.217
-151.689
-140.205
-125.85
-109.58
-90.439
-68.428
-36.846
4.307
48.33
90.439
127.764
158.389
173.701
166.045
131.592
77.041
14.834
-44.502
-92.354
-122.979
-130.635
-115.322
-86.611
-62.686
-57.9
-68.428
-75.127
-67.471
-42.588
-11.006
11.963
16.748
11.963
14.834
34.932
78.955
136.377
184.229
202.412
190.928
155.518
101.924
39.717
-21.533
-71.299
-110.537
-144.033
-184.229
-230.166
-264.619
-253.135
-179.443
-65.557
56.943
160.303
226.338
255.049
250.264
213.896
155.518
97.139
60.771
50.244
55.986
57.9
49.287
31.104
6.221
-19.619
-30.146
-15.791
11.963
33.018
30.146
4.307
-33.018
-68.428
-95.225
-103.838
-81.826
-30.146
34.932
83.74
104.795
106.709
99.053
83.74
56.943
20.576
-11.006
-33.018
-45.459
-55.029
-60.771
-63.643
-58.857
-49.287
-39.717
-34.932
-38.76
-54.072
-82.783
-115.322
-135.42
-133.506
-115.322
-88.525
-51.201
-0.479
57.9
112.451
152.646
176.572
188.057
183.271
158.389
120.107
84.697
59.814
52.158
58.857
65.557
59.814
43.545
26.318
11.006
-12.92
-46.416
-83.74
-109.58
-111.494
-80.869
-29.189
11.963
14.834
-11.963
-37.803
-36.846
-16.748
5.264
20.576
29.189
30.146
23.447
12.92
7.178
18.662
42.588
63.643
61.729
28.232
-23.447
-65.557
-69.385
-38.76
-9.092
-14.834
-48.33
-79.912
-95.225
-96.182
-84.697
-53.115
-3.35
43.545
72.256
77.998
73.213
69.385
73.213
86.611
100.01
102.881
83.74
53.115
25.361
8.135
-1.436
-10.049
-23.447
-39.717
-53.115
-56.943
-47.373
-33.975
-26.318
-19.619
-6.221
10.049
20.576
27.275
32.061
35.889
37.803
43.545
58.857
77.998
90.439
94.268
88.525
73.213
47.373
11.963
-25.361
-55.029
-72.256
-81.826
-86.611
-81.826
-62.686
-33.975
-8.135
10.049
25.361
43.545
64.6
77.998
86.611
95.225
101.924
102.881
91.396
68.428
42.588
16.748
-11.963
-48.33
-86.611
-116.279
-131.592
-137.334
-140.205
-141.162
-127.764
-94.268
-53.115
-14.834
18.662
53.115
80.869
90.439
78.955
53.115
28.232
11.963
9.092
11.006
-0.479
-27.275
-57.9
-82.783
-96.182
-90.439
-68.428
-44.502
-33.975
-31.104
-26.318
-11.963
5.264
21.533
33.018
33.975
31.104
31.104
33.975
37.803
46.416
63.643
83.74
100.01
101.924
81.826
41.631
-9.092
-60.771
-105.752
-131.592
-128.721
-100.01
-65.557
-40.674
-22.49
-0.479
27.275
57.9
89.482
120.107
138.291
125.85
83.74
33.975
-1.436
-18.662
-28.232
-36.846
-51.201
-76.084
-107.666
-131.592
-132.549
-102.881
-55.029
-4.307
34.932
61.729
81.826
97.139
95.225
64.6
12.92
-37.803
-67.471
-75.127
-66.514
-49.287
-26.318
0.479
20.576
28.232
25.361
19.619
18.662
19.619
17.705
16.748
22.49
27.275
23.447
15.791
14.834
21.533
25.361
18.662
9.092
9.092
19.619
35.889
49.287
50.244
37.803
15.791
-3.35
-4.307
9.092
25.361
33.018
27.275
15.791
-2.393
-24.404
-43.545
-49.287
-34.932
-12.92
-5.264
-13.877
-31.104
-46.416
-54.072
-51.201
-38.76
-20.576
-7.178
-8.135
-14.834
-15.791
-5.264
14.834
37.803
60.771
77.041
84.697
79.912
67.471
56.943
49.287
33.975
10.049
-15.791
-30.146
-34.932
-33.018
-26.318
-14.834
-7.178
-16.748
-38.76
-56.943
-55.986
-38.76
-15.791
4.307
16.748
21.533
21.533
24.404
33.018
42.588
41.631
25.361
3.35
-14.834
-22.49
-18.662
-12.92
-15.791
-27.275
-37.803
-38.76
-32.061
-23.447
-14.834
-4.307
10.049
22.49
30.146
28.232
18.662
11.006
11.963
20.576
24.404
14.834
-4.307
-27.275
-43.545
-50.244
-45.459
-40.674
-33.975
-20.576
-0.479
19.619
37.803
46.416
46.416
37.803
29.189
26.318
26.318
21.533
7.178
-12.92
-27.275
-28.232
-26.318
-26.318
-28.232
-30.146
-30.146
-31.104
-35.889
-41.631
-45.459
-47.373
-46.416
-41.631
-27.275
-11.006
-1.436
5.264
15.791
35.889
58.857
72.256
64.6
42.588
16.748
-3.35
-16.748
-23.447
-19.619
-7.178
9.092
18.662
20.576
23.447
36.846
56.943
76.084
84.697
82.783
68.428
42.588
6.221
-33.018
-63.643
-79.912
-80.869
-71.299
-58.857
-50.244
-51.201
-56.943
-54.072
-39.717
-23.447
-11.963
-4.307
4.307
12.92
19.619
23.447
24.404
24.404
24.404
22.49
17.705
9.092
6.221
11.006
17.705
18.662
11.963
2.393
-3.35
-0.479
4.307
4.307
-0.479
1.436
12.92
28.232
40.674
46.416
37.803
17.705
-11.006
-37.803
-54.072
-54.072
-39.717
-13.877
15.791
34.932
35.889
20.576
3.35
-11.006
-16.748
-15.791
-5.264
11.963
29.189
38.76
33.975
17.705
-3.35
-22.49
-31.104
-19.619
9.092
34.932
35.889
20.576
-0.479
-11.006
-5.264
7.178
17.705
20.576
17.705
10.049
-3.35
-16.748
-29.189
-38.76
-45.459
-49.287
-49.287
-45.459
-37.803
-30.146
-23.447
-12.92
4.307
25.361
43.545
50.244
40.674
19.619
1.436
-4.307
0.479
11.963
21.533
23.447
16.748
3.35
-14.834
-33.018
-44.502
-48.33
-42.588
-33.975
-25.361
-14.834
-4.307
-2.393
-11.963
-23.447
-23.447
-14.834
-5.264
-0.479
0.479
4.307
11.963
21.533
30.146
33.975
37.803
39.717
36.846
27.275
16.748
10.049
3.35
-5.264
-18.662
-28.232
-27.275
-22.49
-23.447
-28.232
-29.189
-24.404
-20.576
-23.447
-28.232
-34.932
-34.932
-25.361
-4.307
19.619
38.76
51.201
58.857
67.471
71.299
64.6
46.416
23.447
5.264
-4.307
-8.135
-11.963
-16.748
-21.533
-26.318
-31.104
-37.803
-43.545
-50.244
-48.33
-32.061
-7.178
11.963
18.662
17.705
16.748
18.662
20.576
24.404
29.189
33.018
29.189
16.748
-0.479
-12.92
-12.92
-0.479
15.791
20.576
15.791
4.307
-5.264
-10.049
0.479
24.404
46.416
42.588
19.619
-13.877
-33.975
-33.975
-25.361
-16.748
-11.006
-9.092
-13.877
-21.533
-18.662
-5.264
11.963
25.361
31.104
25.361
16.748
10.049
5.264
-1.436
-11.006
-16.748
-18.662
-18.662
-15.791
-8.135
6.221
19.619
21.533
11.006
-3.35
-10.049
-15.791
-28.232
-41.631
-49.287
-43.545
-27.275
-8.135
6.221
16.748
25.361
31.104
34.932
37.803
35.889
28.232
14.834
-0.479
-11.006
-12.92
-11.006
-9.092
-10.049
-11.963
-18.662
-27.275
-35.889
-35.889
-28.232
-15.791
-3.35
8.135
16.748
22.49
22.49
18.662
12.92
6.221
-0.479
-8.135
-11.006
-8.135
2.393
18.662
33.018
42.588
40.674
29.189
16.748
11.006
13.877
19.619
22.49
19.619
11.006
-4.307
-20.576
-34.932
-41.631
-37.803
-21.533
0.479
16.748
17.705
4.307
-14.834
-29.189
-33.975
-26.318
-8.135
14.834
31.104
32.061
18.662
1.436
-3.35
7.178
20.576
32.061
42.588
46.416
33.975
5.264
-25.361
-42.588
-38.76
-22.49
-2.393
13.877
19.619
18.662
8.135
-8.135
-20.576
-23.447
-17.705
-12.92
-8.135
-3.35
2.393
3.35
2.393
2.393
10.049
18.662
21.533
19.619
17.705
16.748
11.963
0.479
-15.791
-29.189
-34.932
-34.932
-30.146
-26.318
-25.361
-24.404
-21.533
-12.92
-3.35
2.393
-0.479
-7.178
-11.963
-14.834
-11.006
-2.393
12.92
29.189
39.717
42.588
40.674
39.717
42.588
44.502
33.975
11.963
-16.748
-38.76
-49.287
-47.373
-35.889
-20.576
-11.006
-8.135
-13.877
-26.318
-37.803
-39.717
-33.975
-26.318
-15.791
-5.264
-0.479
-7.178
-21.533
-33.018
-29.189
-10.049
13.877
32.061
37.803
33.018
22.49
11.963
0.479
-11.006
-11.963
-0.479
11.006
12.92
11.006
11.963
19.619
26.318
26.318
25.361
26.318
30.146
31.104
23.447
4.307
-24.404
-54.072
-73.213
-74.17
-59.814
-40.674
-24.404
-12.92
-5.264
-0.479
1.436
2.393
5.264
10.049
11.006
10.049
11.963
15.791
17.705
12.92
9.092
11.963
19.619
31.104
39.717
37.803
22.49
-0.479
-22.49
-32.061
-27.275
-14.834
-5.264
-8.135
-17.705
-23.447
-20.576
-11.006
-5.264
-7.178
-9.092
-8.135
0.479
11.006
21.533
33.018
38.76
34.932
24.404
13.877
7.178
-0.479
-9.092
-15.791
-19.619
-23.447
-27.275
-26.318
-14.834
4.307
20.576
30.146
30.146
23.447
11.963
0.479
-9.092
-12.92
-12.92
-12.92
-13.877
-14.834
-12.92
-11.006
-11.006
-11.963
-13.877
-14.834
-12.92
-9.092
-3.35
0.479
-0.479
-6.221
-8.135
-4.307
0.479
3.35
0.479
-5.264
-10.049
-6.221
4.307
13.877
19.619
20.576
18.662
13.877
12.92
17.705
22.49
20.576
12.92
5.264
-1.436
-6.221
-11.006
-14.834
-13.877
-10.049
-4.307
1.436
5.264
7.178
7.178
3.35
-3.35
-10.049
-11.963
-10.049
-4.307
4.307
12.92
19.619
20.576
19.619
21.533
25.361
23.447
11.963
-7.178
-25.361
-38.76
-45.459
-42.588
-28.232
-11.006
1.436
4.307
4.307
7.178
15.791
22.49
26.318
27.275
30.146
29.189
19.619
5.264
-7.178
-11.963
-11.963
-11.006
-7.178
-0.479
7.178
14.834
16.748
11.006
-3.35
-17.705
-24.404
-18.662
-3.35
10.049
11.963
4.307
-8.135
-14.834
-15.791
-10.049
-0.479
7.178
11.963
11.006
5.264
-0.479
-4.307
-7.178
-5.264
1.436
11.963
18.662
18.662
15.791
7.178
-1.436
-5.264
-2.393
2.393
3.35
-3.35
-11.963
-22.49
-30.146
-34.932
-34.932
-30.146
-22.49
-13.877
-3.35
7.178
11.006
11.963
11.963
14.834
14.834
7.178
-5.264
-16.748
-20.576
-18.662
-15.791
-14.834
-12.92
-7.178
3.35
15.791
29.189
39.717
42.588
37.803
26.318
14.834
2.393
-4.307
-4.307
-1.436
1.436
3.35
1.436
-0.479
-0.479
0.479
0.479
-3.35
-5.264
-1.436
8.135
18.662
23.447
19.619
8.135
-6.221
-17.705
-20.576
-13.877
-1.436
7.178
9.092
7.178
7.178
10.049
14.834
18.662
18.662
11.963
0.479
-11.963
-20.576
-19.619
-13.877
-9.092
-10.049
-11.963
-11.963
-11.006
-11.006
-11.006
-11.963
-12.92
-12.92
-12.92
-11.963
-11.006
-8.135
-8.135
-11.963
-18.662
-21.533
-19.619
-11.963
-1.436
11.963
22.49
25.361
18.662
9.092
6.221
11.963
18.662
17.705
10.049
-2.393
-15.791
-28.232
-34.932
-34.932
-26.318
-9.092
10.049
24.404
32.061
33.018
27.275
19.619
11.963
7.178
6.221
7.178
7.178
7.178
4.307
0.479
-4.307
-11.006
-15.791
-15.791
-10.049
2.393
10.049
7.178
-4.307
-19.619
-31.104
-35.889
-29.189
-12.92
3.35
14.834
19.619
20.576
18.662
17.705
16.748
16.748
17.705
15.791
8.135
-3.35
-15.791
-24.404
-27.275
-26.318
-22.49
-14.834
-8.135
-3.35
3.35
10.049
17.705
19.619
15.791
5.264
-5.264
-11.963
-14.834
-11.006
-3.35
7.178
13.877
13.877
2.393
-12.92
-22.49
-23.447
-20.576
-15.791
-11.006
-9.092
-8.135
-9.092
-7.178
-2.393
4.307
11.963
17.705
22.49
27.275
29.189
28.232
24.404
19.619
17.705
18.662
19.619
20.576
19.619
14.834
4.307
-8.135
-19.619
-25.361
-28.232
-33.018
-39.717
-45.459
-43.545
-33.018
-15.791
3.35
20.576
35.889
45.459
46.416
40.674
33.975
28.232
23.447
16.748
11.963
7.178
3.35
-4.307
-16.748
-34.932
-52.158
-64.6
-66.514
-56.943
-35.889
-14.834
-0.479
6.221
6.221
5.264
7.178
10.049
14.834
19.619
23.447
21.533
15.791
8.135
2.393
-1.436
-3.35
-4.307
-5.264
-7.178
-9.092
-11.963
-15.791
-19.619
-19.619
-14.834
-9.092
-3.35
-0.479
-0.479
-0.479
-0.479
2.393
7.178
11.006
11.963
6.221
-4.307
-14.834
-18.662
-19.619
-18.662
-14.834
-8.135
-1.436
1.436
0.479
-1.436
-0.479
3.35
8.135
15.791
22.49
24.404
19.619
10.049
1.436
-5.264
-8.135
-8.135
-5.264
-3.35
-3.35
-7.178
-11.006
-11.963
-9.092
-5.264
0.479
8.135
16.748
18.662
10.049
-4.307
-18.662
-26.318
-27.275
-20.576
-10.049
-4.307
-4.307
-10.049
-17.705
-20.576
-17.705
-9.092
0.479
7.178
10.049
8.135
4.307
1.436
3.35
7.178
11.963
13.877
11.963
7.178
4.307
5.264
7.178
9.092
7.178
3.35
1.436
3.35
7.178
10.049
10.049
10.049
11.006
13.877
14.834
14.834
15.791
19.619
23.447
21.533
13.877
0.479
-13.877
-22.49
-22.49
-19.619
-18.662
-20.576
-21.533
-18.662
-12.92
-4.307
4.307
12.92
20.576
23.447
19.619
10.049
-3.35
-13.877
-16.748
-11.006
0.479
10.049
18.662
25.361
30.146
31.104
31.104
27.275
20.576
9.092
-4.307
-15.791
-22.49
-26.318
-27.275
-25.361
-18.662
-13.877
-11.963
-12.92
-11.963
-10.049
-10.049
-10.049
-6.221
-0.479
0.479
-4.307
-12.92
-20.576
-24.404
-22.49
-13.877
-3.35
0.479
-0.479
-3.35
-2.393
3.35
5.264
2.393
-2.393
-5.264
-4.307
-0.479
2.393
3.35
4.307
6.221
8.135
10.049
12.92
15.791
15.791
11.963
5.264
3.35
6.221
12.92
18.662
18.662
11.963
0.479
-12.92
-23.447
-26.318
-21.533
-13.877
-6.221
2.393
10.049
15.791
17.705
18.662
19.619
22.49
23.447
25.361
26.318
22.49
15.791
5.264
-5.264
-13.877
-19.619
-22.49
-20.576
-16.748
-13.877
-12.92
-14.834
-12.92
-5.264
4.307
9.092
7.178
0.479
-8.135
-12.92
-14.834
-11.006
-7.178
-4.307
-2.393
0.479
0.479
-3.35
-6.221
-5.264
-0.479
6.221
10.049
11.006
8.135
4.307
2.393
5.264
10.049
11.963
8.135
0.479
-7.178
-11.006
-14.834
-17.705
-17.705
-12.92
-5.264
2.393
6.221
7.178
3.35
-0.479
-4.307
-4.307
-2.393
2.393
7.178
11.963
11.963
7.178
-1.436
-10.049
-14.834
-12.92
-8.135
-2.393
0.479
2.393
2.393
3.35
3.35
5.264
6.221
5.264
2.393
-1.436
-2.393
1.436
7.178
10.049
10.049
9.092
8.135
7.178
4.307
1.436
0.479
1.436
1.436
-0.479
-5.264
-10.049
-14.834
-17.705
-13.877
-6.221
0.479
6.221
10.049
11.963
11.963
10.049
8.135
8.135
8.135
8.135
6.221
3.35
0.479
-3.35
-8.135
-12.92
-19.619
-26.318
-28.232
-22.49
-11.006
-0.479
3.35
2.393
-0.479
-1.436
-1.436
-2.393
-4.307
-8.135
-7.178
-2.393
2.393
1.436
-0.479
-0.479
0.479
1.436
-0.479
-4.307
-11.006
-18.662
-24.404
-23.447
-13.877
2.393
18.662
27.275
27.275
19.619
11.963
8.135
11.963
17.705
21.533
20.576
14.834
5.264
-3.35
-8.135
-10.049
-6.221
0.479
6.221
8.135
4.307
-2.393
-8.135
-11.963
-11.006
-8.135
-2.393
2.393
3.35
0.479
-4.307
-3.35
0.479
4.307
8.135
11.006
10.049
7.178
3.35
0.479
-2.393
-4.307
-5.264
-2.393
4.307
6.221
0.479
-11.006
-21.533
-25.361
-23.447
-20.576
-16.748
-9.092
-0.479
4.307
5.264
3.35
2.393
2.393
0.479
-5.264
-12.92
-15.791
-14.834
-11.006
-8.135
-7.178
-6.221
-4.307
-2.393
3.35
9.092
15.791
18.662
18.662
15.791
10.049
4.307
3.35
6.221
10.049
11.006
7.178
0.479
-6.221
-11.963
-13.877
-10.049
-1.436
6.221
11.963
11.963
8.135
4.307
0.479
0.479
2.393
3.35
3.35
3.35
5.264
10.049
13.877
15.791
14.834
11.006
4.307
-0.479
-2.393
0.479
4.307
3.35
-3.35
-10.049
-13.877
-13.877
-11.006
-8.135
-8.135
-10.049
-11.006
-8.135
-3.35
2.393
9.092
13.877
17.705
19.619
20.576
17.705
13.877
10.049
9.092
7.178
1.436
-7.178
-13.877
-16.748
-15.791
-16.748
-18.662
-20.576
-20.576
-18.662
-12.92
-4.307
8.135
19.619
25.361
22.49
14.834
7.178
2.393
0.479
1.436
7.178
11.963
14.834
11.006
4.307
-3.35
-8.135
-10.049
-7.178
-4.307
-3.35
-2.393
-0.479
2.393
3.35
3.35
3.35
2.393
0.479
-5.264
-11.006
-13.877
-11.963
-7.178
-2.393
0.479
3.35
5.264
7.178
7.178
6.221
4.307
2.393
-1.436
-3.35
-1.436
2.393
5.264
4.307
1.436
0.479
0.479
2.393
5.264
10.049
12.92
14.834
13.877
10.049
4.307
-2.393
-5.264
-4.307
0.479
2.393
0.479
-1.436
-1.436
-0.479
1.436
4.307
5.264
3.35
0.479
-2.393
-3.35
-0.479
2.393
1.436
-2.393
-7.178
-11.006
-11.963
-9.092
-2.393
4.307
10.049
11.006
9.092
5.264
2.393
-1.436
-3.35
-6.221
-11.006
-14.834
-14.834
-11.963
-9.092
-7.178
-4.307
0.479
5.264
8.135
6.221
2.393
-1.436
-3.35
-1.436
3.35
8.135
11.006
8.135
3.35
1.436
1.436
1.436
0.479
-0.479
-0.479
-1.436
-1.436
-1.436
-1.436
-3.35
-3.35
-4.307
-6.221
-11.006
-13.877
-13.877
-11.963
-11.006
-11.006
-11.006
-11.006
-11.006
-9.092
-5.264
-0.479
3.35
7.178
10.049
10.049
7.178
2.393
-2.393
-3.35
0.479
4.307
5.264
5.264
5.264
4.307
2.393
0.479
-0.479
-0.479
-0.479
-3.35
-8.135
-10.049
-11.963
-14.834
-17.705
-17.705
-12.92
-5.264
2.393
10.049
14.834
18.662
18.662
18.662
14.834
7.178
1.436
1.436
6.221
8.135
4.307
-0.479
-3.35
-2.393
-2.393
-5.264
-10.049
-14.834
-15.791
-11.006
-2.393
6.221
11.006
10.049
8.135
8.135
11.006
13.877
15.791
15.791
12.92
9.092
4.307
2.393
0.479
-2.393
-6.221
-10.049
-11.006
-8.135
-4.307
-3.35
-3.35
-3.35
-4.307
-7.178
-8.135
-7.178
-6.221
-7.178
-7.178
-4.307
0.479
4.307
6.221
5.264
3.35
-0.479
-3.35
-3.35
-1.436
1.436
3.35
4.307
3.35
1.436
-0.479
-4.307
-5.264
-3.35
-0.479
-2.393
-7.178
-14.834
-19.619
-20.576
-18.662
-15.791
-11.963
-10.049
-7.178
-5.264
-4.307
-0.479
4.307
7.178
8.135
10.049
11.006
10.049
8.135
6.221
3.35
-2.393
-6.221
-8.135
-6.221
-3.35
-1.436
0.479
2.393
4.307
6.221
7.178
8.135
7.178
5.264
2.393
-2.393
-4.307
-4.307
-3.35
-2.393
-1.436
-0.479
0.479
-0.479
-0.479
0.479
4.307
7.178
9.092
8.135
7.178
4.307
0.479
-3.35
-3.35
0.479
4.307
5.264
3.35
-0.479
-3.35
-4.307
-3.35
-2.393
-0.479
2.393
6.221
9.092
11.006
11.006
11.006
10.049
7.178
2.393
-3.35
-7.178
-9.092
-8.135
-4.307
1.436
7.178
11.006
11.006
10.049
7.178
3.35
-0.479
-3.35
-3.35
-1.436
0.479
2.393
1.436
-2.393
-5.264
-6.221
-2.393
2.393
5.264
7.178
5.264
2.393
-3.35
-8.135
-11.006
-13.877
-13.877
-11.963
-9.092
-3.35
4.307
11.963
16.748
18.662
16.748
12.92
8.135
3.35
1.436
2.393
5.264
8.135
10.049
10.049
4.307
-3.35
-9.092
-11.006
-10.049
-8.135
-7.178
-10.049
-16.748
-25.361
-32.061
-33.975
-27.275
-14.834
-0.479
11.006
14.834
12.92
10.049
9.092
11.963
16.748
19.619
19.619
15.791
7.178
-1.436
-5.264
-4.307
-0.479
2.393
2.393
-0.479
-4.307
-7.178
-7.178
-4.307
0.479
3.35
4.307
2.393
-0.479
-3.35
-7.178
-11.963
-17.705
-22.49
-24.404
-21.533
-15.791
-11.006
-5.264
-0.479
3.35
4.307
3.35
0.479
-2.393
-6.221
-11.006
-14.834
-16.748
-15.791
-10.049
-2.393
5.264
11.006
13.877
16.748
19.619
24.404
24.404
18.662
6.221
-8.135
-19.619
-25.361
-25.361
-20.576
-14.834
-11.006
-9.092
-9.092
-8.135
-4.307
-1.436
0.479
0.479
2.393
6.221
8.135
4.307
-2.393
-6.221
-5.264
-0.479
3.35
5.264
4.307
2.393
-0.479
-2.393
-0.479
4.307
8.135
6.221
2.393
-2.393
-2.393
0.479
4.307
9.092
13.877
16.748
17.705
15.791
11.963
8.135
7.178
9.092
10.049
6.221
-1.436
-11.006
-17.705
-19.619
-16.748
-11.006
-2.393
7.178
11.963
11.006
6.221
1.436
-2.393
-4.307
-5.264
-7.178
-9.092
-11.006
-8.135
-3.35
4.307
11.963
19.619
27.275
33.018
33.975
30.146
23.447
18.662
14.834
11.006
6.221
1.436
-3.35
-5.264
-9.092
-11.963
-12.92
-13.877
-15.791
-18.662
-19.619
-17.705
-11.963
-7.178
-4.307
-4.307
-8.135
-11.006
-11.006
-8.135
-1.436
4.307
6.221
4.307
1.436
-0.479
0.479
3.35
8.135
13.877
15.791
15.791
14.834
13.877
11.963
8.135
5.264
3.35
0.479
-3.35
-7.178
-10.049
-8.135
-0.479
10.049
17.705
19.619
14.834
4.307
-9.092
-19.619
-26.318
-25.361
-21.533
-18.662
-19.619
-22.49
-23.447
-20.576
-13.877
-4.307
5.264
12.92
16.748
17.705
17.705
17.705
17.705
17.705
16.748
12.92
7.178
2.393
-3.35
-8.135
-8.135
-6.221
-2.393
1.436
3.35
3.35
0.479
-2.393
-4.307
-5.264
-3.35
-0.479
2.393
4.307
5.264
5.264
5.264
4.307
4.307
7.178
12.92
18.662
18.662
11.963
0.479
-11.963
-23.447
-31.104
-33.975
-31.104
-26.318
-19.619
-12.92
-8.135
-3.35
1.436
7.178
14.834
21.533
25.361
26.318
23.447
19.619
13.877
6.221
-1.436
-5.264
-3.35
0.479
3.35
2.393
-1.436
-5.264
-8.135
-9.092
-8.135
-4.307
-2.393
-1.436
-2.393
-6.221
-9.092
-8.135
-3.35
2.393
5.264
5.264
1.436
-3.35
-4.307
-4.307
-4.307
-5.264
-6.221
-7.178
-9.092
-11.963
-14.834
-18.662
-21.533
-24.404
-24.404
-18.662
-10.049
-1.436
5.264
9.092
10.049
8.135
5.264
1.436
-1.436
-2.393
-0.479
3.35
5.264
4.307
1.436
-4.307
-8.135
-10.049
-8.135
-3.35
3.35
9.092
12.92
13.877
12.92
11.006
9.092
9.092
11.963
17.705
20.576
18.662
11.963
1.436
-8.135
-14.834
-14.834
-11.963
-9.092
-7.178
-5.264
-5.264
-5.264
-7.178
-7.178
-5.264
-1.436
3.35
7.178
11.006
13.877
14.834
13.877
10.049
3.35
-4.307
-10.049
-11.963
-9.092
-3.35
2.393
4.307
2.393
-0.479
-3.35
-2.393
0.479
3.35
7.178
11.963
15.791
17.705
18.662
16.748
12.92
7.178
1.436
-3.35
-3.35
0.479
4.307
6.221
4.307
0.479
-4.307
-7.178
-8.135
-7.178
-4.307
-1.436
0.479
-0.479
-2.393
-3.35
-3.35
-1.436
0.479
2.393
2.393
2.393
2.393
2.393
0.479
-4.307
-8.135
-8.135
-7.178
-6.221
-6.221
-6.221
-5.264
-2.393
1.436
5.264
10.049
11.963
11.963
9.092
4.307
1.436
0.479
1.436
4.307
6.221
5.264
2.393
-2.393
-4.307
-4.307
-2.393
-1.436
-1.436
-2.393
-3.35
-3.35
-1.436
-0.479
-0.479
-0.479
0.479
2.393
1.436
-1.436
-2.393
-2.393
-2.393
-1.436
-1.436
-0.479
1.436
2.393
0.479
-4.307
-10.049
-11.963
-12.92
-11.006
-8.135
-5.264
-7.178
-11.006
-16.748
-19.619
-18.662
-14.834
-9.092
-0.479
7.178
14.834
17.705
18.662
18.662
18.662
17.705
12.92
6.221
-0.479
-4.307
-3.35
2.393
7.178
10.049
9.092
6.221
1.436
-3.35
-7.178
-8.135
-8.135
-7.178
-6.221
-7.178
-11.006
-13.877
-14.834
-11.963
-5.264
2.393
9.092
12.92
13.877
11.963
8.135
5.264
3.35
0.479
-2.393
-6.221
-9.092
-10.049
-7.178
-4.307
-3.35
-3.35
-1.436
2.393
6.221
7.178
4.307
0.479
-2.393
-2.393
-0.479
4.307
10.049
13.877
13.877
11.006
4.307
-2.393
-5.264
-6.221
-7.178
-9.092
-11.963
-12.92
-10.049
-4.307
0.479
3.35
4.307
7.178
9.092
11.006
11.963
14.834
17.705
18.662
18.662
12.92
5.264
-4.307
-12.92
-17.705
-16.748
-11.963
-7.178
-4.307
-5.264
-7.178
-9.092
-10.049
-7.178
-4.307
-0.479
1.436
2.393
2.393
3.35
4.307
4.307
3.35
1.436
-1.436
-3.35
-3.35
-1.436
2.393
4.307
3.35
-0.479
-5.264
-9.092
-8.135
-3.35
2.393
5.264
5.264
0.479
-7.178
-11.963
-12.92
-11.963
-10.049
-7.178
-3.35
0.479
4.307
5.264
4.307
3.35
2.393
0.479
-0.479
-3.35
-6.221
-6.221
-3.35
0.479
2.393
3.35
5.264
9.092
11.963
12.92
11.963
10.049
8.135
7.178
7.178
7.178
4.307
0.479
-5.264
-9.092
-12.92
-14.834
-14.834
-15.791
-17.705
-19.619
-20.576
-19.619
-17.705
-12.92
-7.178
1.436
7.178
9.092
5.264
0.479
-3.35
-5.264
-4.307
1.436
7.178
11.963
13.877
16.748
19.619
20.576
20.576
18.662
13.877
6.221
-1.436
-9.092
-15.791
-19.619
-19.619
-17.705
-11.963
-6.221
-1.436
2.393
4.307
8.135
12.92
16.748
18.662
18.662
18.662
16.748
11.963
4.307
-3.35
-11.006
-17.705
-19.619
-18.662
-16.748
-14.834
-12.92
-11.963
-11.963
-11.006
-10.049
-7.178
-5.264
-4.307
-2.393
0.479
4.307
6.221
7.178
6.221
4.307
0.479
-5.264
-10.049
-11.006
-10.049
-5.264
-0.479
1.436
-0.479
-4.307
-9.092
-11.963
-11.963
-9.092
-5.264
0.479
3.35
3.35
2.393
3.35
6.221
11.006
15.791
18.662
18.662
13.877
9.092
5.264
1.436
-1.436
-4.307
-6.221
-9.092
-11.963
-12.92
-11.963
-10.049
-8.135
-7.178
-8.135
-10.049
-11.963
-12.92
-12.92
-10.049
-5.264
-2.393
0.479
0.479
1.436
4.307
8.135
11.963
16.748
19.619
19.619
18.662
15.791
12.92
10.049
5.264
0.479
-3.35
-5.264
-4.307
-2.393
2.393
5.264
6.221
5.264
4.307
3.35
3.35
4.307
5.264
7.178
7.178
8.135
9.092
8.135
5.264
0.479
-4.307
-6.221
-6.221
-7.178
-7.178
-6.221
-4.307
-1.436
0.479
0.479
0.479
0.479
0.479
-0.479
0.479
1.436
1.436
0.479
-0.479
-2.393
-4.307
-4.307
-4.307
-3.35
-2.393
-2.393
-3.35
-2.393
0.479
3.35
5.264
8.135
9.092
9.092
6.221
2.393
-3.35
-7.178
-8.135
-9.092
-8.135
-4.307
0.479
6.221
10.049
11.006
9.092
4.307
0.479
-3.35
-4.307
-4.307
-2.393
-0.479
0.479
1.436
2.393
2.393
0.479
-0.479
-0.479
-0.479
-0.479
0.479
1.436
2.393
2.393
1.436
0.479
-2.393
-4.307
-4.307
-2.393
0.479
2.393
3.35
2.393
0.479
0.479
0.479
1.436
3.35
5.264
5.264
3.35
1.436
1.436
3.35
5.264
7.178
6.221
4.307
1.436
0.479
3.35
5.264
5.264
1.436
-3.35
-8.135
-9.092
-10.049
-9.092
-7.178
-6.221
-6.221
-5.264
-4.307
-1.436
0.479
2.393
1.436
0.479
0.479
0.479
0.479
-0.479
-2.393
-4.307
-5.264
-7.178
-7.178
-7.178
-5.264
-2.393
-0.479
-0.479
-2.393
-4.307
-7.178
-8.135
-7.178
-5.264
-1.436
2.393
4.307
4.307
3.35
1.436
0.479
1.436
2.393
1.436
-0.479
-4.307
-5.264
-6.221
-5.264
-3.35
-0.479
2.393
4.307
5.264
4.307
4.307
3.35
4.307
4.307
3.35
0.479
-3.35
-4.307
-3.35
-1.436
-2.393
-2.393
-3.35
-3.35
-4.307
-4.307
-3.35
-1.436
2.393
5.264
7.178
6.221
3.35
1.436
1.436
3.35
4.307
4.307
3.35
1.436
-0.479
-2.393
-2.393
-1.436
0.479
2.393
5.264
8.135
10.049
11.006
11.006
9.092
6.221
2.393
-0.479
-3.35
-4.307
-7.178
-9.092
-11.006
-10.049
-8.135
-7.178
-6.221
-7.178
-7.178
-7.178
-7.178
-6.221
-4.307
-1.436
1.436
5.264
8.135
11.006
11.963
11.006
9.092
6.221
3.35
3.35
4.307
7.178
7.178
4.307
-0.479
-4.307
-6.221
-5.264
-4.307
-2.393
-0.479
1.436
4.307
7.178
9.092
9.092
8.135
7.178
7.178
5.264
4.307
2.393
0.479
-1.436
-4.307
-5.264
-5.264
-4.307
-5.264
-7.178
-8.135
-7.178
-2.393
4.307
9.092
11.963
11.963
8.135
2.393
-3.35
-7.178
-8.135
-7.178
-7.178
-7.178
-10.049
-11.006
-11.963
-11.006
-9.092
-6.221
-4.307
-4.307
-4.307
-4.307
-2.393
0.479
2.393
4.307
5.264
4.307
3.35
0.479
-0.479
-0.479
-1.436
-3.35
-5.264
-7.178
-6.221
-4.307
-2.393
0.479
1.436
1.436
1.436
1.436
2.393
3.35
5.264
7.178
7.178
6.221
4.307
0.479
-2.393
-5.264
-8.135
-11.006
-11.963
-11.963
-11.006
-10.049
-10.049
-9.092
-8.135
-5.264
0.479
7.178
13.877
17.705
17.705
14.834
10.049
6.221
3.35
3.35
3.35
3.35
1.436
-2.393
-6.221
-10.049
-12.92
-12.92
-11.006
-7.178
-3.35
1.436
6.221
9.092
11.006
10.049
7.178
5.264
3.35
3.35
4.307
5.264
5.264
4.307
1.436
-2.393
-5.264
-8.135
-8.135
-7.178
-4.307
-1.436
0.479
-1.436
-3.35
-4.307
-3.35
0.479
3.35
4.307
2.393
-0.479
-4.307
-7.178
-10.049
-11.963
-12.92
-11.963
-10.049
-6.221
-2.393
1.436
4.307
5.264
7.178
8.135
8.135
7.178
7.178
5.264
4.307
3.35
2.393
0.479
-1.436
-1.436
0.479
3.35
3.35
0.479
-2.393
-4.307
-5.264
-5.264
-4.307
-0.479
4.307
8.135
10.049
7.178
3.35
-1.436
-4.307
-3.35
-0.479
2.393
5.264
6.221
7.178
5.264
3.35
2.393
3.35
4.307
4.307
3.35
1.436
-0.479
-2.393
-4.307
-5.264
-6.221
-6.221
-5.264
-3.35
-2.393
-3.35
-5.264
-7.178
-6.221
-3.35
-0.479
0.479
1.436
2.393
2.393
3.35
4.307
4.307
2.393
0.479
-1.436
-1.436
-0.479
0.479
-0.479
-2.393
-4.307
-7.178
-9.092
-10.049
-8.135
-5.264
-1.436
3.35
7.178
10.049
11.963
11.963
11.963
11.963
11.963
11.963
10.049
7.178
3.35
-1.436
-6.221
-9.092
-10.049
-10.049
-8.135
-8.135
-8.135
-7.178
-6.221
-4.307
0.479
6.221
10.049
11.006
8.135
7.178
5.264
6.221
7.178
5.264
2.393
-1.436
-4.307
-5.264
-4.307
-2.393
0.479
2.393
2.393
-0.479
-5.264
-8.135
-8.135
-6.221
-2.393
0.479
0.479
0.479
0.479
2.393
3.35
4.307
5.264
5.264
5.264
4.307
4.307
4.307
4.307
2.393
1.436
1.436
0.479
-1.436
-3.35
-5.264
-8.135
-11.006
-12.92
-12.92
-11.963
-11.006
-10.049
-8.135
-6.221
-5.264
-3.35
-1.436
1.436
4.307
6.221
7.178
8.135
7.178
6.221
5.264
5.264
6.221
6.221
4.307
1.436
-2.393
-6.221
-8.135
-6.221
0.479
7.178
11.963
13.877
13.877
11.963
8.135
4.307
2.393
1.436
0.479
-0.479
-0.479
-2.393
-4.307
-7.178
-10.049
-11.006
-9.092
-6.221
-3.35
-1.436
0.479
0.479
0.479
0.479
1.436
3.35
4.307
5.264
5.264
5.264
4.307
3.35
2.393
2.393
0.479
0.479
0.479
1.436
2.393
2.393
0.479
-0.479
-0.479
-0.479
-2.393
-4.307
-6.221
-7.178
-6.221
-4.307
-1.436
1.436
3.35
3.35
2.393
1.436
-0.479
-0.479
-0.479
0.479
-0.479
-2.393
-5.264
-6.221
-4.307
-2.393
-0.479
-0.479
-2.393
-5.264
-7.178
-8.135
-8.135
-8.135
-7.178
-4.307
-2.393
-1.436
-0.479
-1.436
-1.436
-1.436
0.479
2.393
4.307
4.307
3.35
1.436
-0.479
-1.436
0.479
2.393
4.307
6.221
6.221
6.221
5.264
5.264
4.307
5.264
6.221
7.178
5.264
2.393
-2.393
-5.264
-9.092
-11.963
-14.834
-16.748
-16.748
-13.877
-11.006
-7.178
-4.307
-0.479
1.436
2.393
2.393
1.436
2.393
4.307
6.221
8.135
10.049
9.092
8.135
6.221
4.307
4.307
4.307
4.307
2.393
-0.479
-4.307
-7.178
-10.049
-11.963
-12.92
-11.963
-9.092
-4.307
-0.479
1.436
2.393
1.436
0.479
-1.436
-3.35
-3.35
-1.436
0.479
2.393
3.35
4.307
5.264
5.264
4.307
3.35
1.436
-0.479
-1.436
-2.393
-3.35
-5.264
-8.135
-9.092
-8.135
-7.178
-6.221
-5.264
-5.264
-5.264
-4.307
-4.307
-2.393
-0.479
2.393
4.307
4.307
5.264
7.178
7.178
7.178
5.264
3.35
1.436
0.479
0.479
0.479
0.479
-0.479
-2.393
-3.35
-3.35
-2.393
-1.436
-0.479
0.479
1.436
3.35
3.35
2.393
1.436
0.479
0.479
0.479
1.436
3.35
5.264
6.221
6.221
4.307
1.436
0.479
-2.393
-4.307
-5.264
-5.264
-4.307
-4.307
-4.307
-5.264
-5.264
-4.307
-4.307
-3.35
-1.436
0.479
4.307
6.221
7.178
7.178
4.307
0.479
-2.393
-4.307
-4.307
-3.35
-1.436
0.479
2.393
3.35
3.35
3.35
0.479
-1.436
-2.393
-2.393
-2.393
-0.479
0.479
2.393
3.35
5.264
6.221
6.221
5.264
4.307
3.35
2.393
1.436
-1.436
-4.307
-6.221
-7.178
-7.178
-5.264
-3.35
-0.479
2.393
2.393
1.436
-0.479
-1.436
-0.479
1.436
3.35
4.307
3.35
1.436
-1.436
-4.307
-8.135
-9.092
-9.092
-7.178
-5.264
-4.307
-1.436
1.436
5.264
9.092
10.049
10.049
9.092
8.135
8.135
7.178
5.264
3.35
2.393
1.436
0.479
-0.479
-1.436
-2.393
-4.307
-5.264
-5.264
-6.221
-6.221
-5.264
-3.35
-1.436
0.479
1.436
2.393
3.35
3.35
2.393
2.393
1.436
1.436
1.436
0.479
0.479
1.436
2.393
2.393
3.35
2.393
0.479
-1.436
-3.35
-3.35
-1.436
-0.479
-1.436
-3.35
-6.221
-8.135
-9.092
-10.049
-9.092
-8.135
-8.135
-7.178
-7.178
-5.264
-1.436
3.35
7.178
11.006
11.006
10.049
9.092
8.135
7.178
6.221
3.35
-1.436
-6.221
-9.092
-10.049
-10.049
-10.049
-8.135
-5.264
-3.35
-0.479
0.479
0.479
-3.35
-6.221
-8.135
-8.135
-5.264
-1.436
1.436
2.393
2.393
0.479
-1.436
-2.393
-3.35
-3.35
-4.307
-3.35
-3.35
-1.436
0.479
2.393
4.307
5.264
4.307
4.307
4.307
3.35
2.393
0.479
-0.479
-3.35
-6.221
-8.135
-9.092
-8.135
-8.135
-5.264
-3.35
-0.479
1.436
1.436
1.436
1.436
2.393
3.35
4.307
4.307
3.35
0.479
-1.436
-3.35
-3.35
-2.393
-2.393
-0.479
1.436
3.35
6.221
7.178
8.135
7.178
6.221
3.35
0.479
-1.436
-2.393
-2.393
-2.393
-1.436
0.479
1.436
1.436
0.479
0.479
0.479
0.479
1.436
2.393
3.35
3.35
3.35
4.307
5.264
6.221
6.221
4.307
3.35
0.479
-2.393
-4.307
-5.264
-6.221
-6.221
-5.264
-5.264
-4.307
-3.35
-1.436
0.479
0.479
0.479
0.479
1.436
3.35
6.221
8.135
10.049
9.092
9.092
10.049
9.092
7.178
4.307
-0.479
-4.307
-7.178
-7.178
-4.307
-2.393
0.479
0.479
1.436
1.436
2.393
2.393
3.35
3.35
4.307
3.35
2.393
0.479
0.479
0.479
2.393
3.35
3.35
3.35
1.436
-0.479
-3.35
-3.35
-2.393
-2.393
-2.393
-4.307
-5.264
-5.264
-3.35
1.436
6.221
9.092
10.049
9.092
7.178
5.264
3.35
2.393
2.393
2.393
0.479
-1.436
-4.307
-4.307
-4.307
-4.307
-4.307
-4.307
-4.307
-2.393
0.479
4.307
5.264
5.264
4.307
4.307
4.307
4.307
4.307
4.307
2.393
0.479
-1.436
-3.35
-4.307
-4.307
-5.264
-4.307
-3.35
-1.436
-0.479
-1.436
-1.436
-0.479
0.479
1.436
1.436
0.479
0.479
-0.479
-0.479
-0.479
-1.436
-2.393
-3.35
-4.307
-4.307
-4.307
-2.393
0.479
3.35
5.264
5.264
4.307
2.393
1.436
1.436
1.436
1.436
1.436
-0.479
-4.307
-6.221
-7.178
-6.221
-4.307
-3.35
-2.393
-2.393
-2.393
-2.393
-1.436
0.479
3.35
5.264
6.221
4.307
3.35
0.479
0.479
0.479
0.479
0.479
0.479
-1.436
-3.35
-3.35
-2.393
-0.479
0.479
0.479
-1.436
-3.35
-5.264
-5.264
-5.264
-4.307
-4.307
-4.307
-4.307
-3.35
-0.479
1.436
3.35
5.264
7.178
8.135
8.135
7.178
6.221
5.264
3.35
0.479
-1.436
-3.35
-4.307
-4.307
-3.35
-1.436
0.479
2.393
3.35
1.436
-1.436
-3.35
-4.307
-4.307
-3.35
-3.35
-3.35
-4.307
-5.264
-7.178
-7.178
-5.264
-3.35
-2.393
-1.436
-1.436
-1.436
-1.436
-1.436
-0.479
0.479
2.393
4.307
7.178
7.178
6.221
4.307
4.307
4.307
4.307
4.307
4.307
3.35
2.393
2.393
1.436
1.436
2.393
2.393
2.393
1.436
0.479
-1.436
-3.35
-5.264
-6.221
-5.264
-4.307
-3.35
-2.393
-1.436
-0.479
0.479
2.393
3.35
3.35
3.35
2.393
2.393
2.393
2.393
2.393
4.307
5.264
4.307
2.393
0.479
-0.479
-0.479
-2.393
-4.307
-5.264
-5.264
-5.264
-4.307
-4.307
-4.307
-4.307
-5.264
-5.264
-4.307
-2.393
0.479
1.436
2.393
2.393
2.393
2.393
3.35
5.264
6.221
5.264
5.264
4.307
4.307
3.35
3.35
3.35
3.35
3.35
1.436
0.479
1.436
2.393
2.393
1.436
0.479
0.479
-0.479
-2.393
-2.393
-2.393
-2.393
-1.436
-1.436
-1.436
-0.479
-0.479
-0.479
-0.479
0.479
0.479
0.479
-0.479
-2.393
-4.307
-7.178
-8.135
-8.135
-8.135
-6.221
-5.264
-4.307
-4.307
-4.307
-5.264
-4.307
-2.393
0.479
2.393
3.35
4.307
4.307
4.307
2.393
1.436
0.479
-1.436
-3.35
-4.307
-3.35
-1.436
0.479
1.436
2.393
2.393
3.35
3.35
2.393
2.393
0.479
-0.479
-3.35
-4.307
-5.264
-5.264
-4.307
-2.393
-2.393
-0.479
0.479
2.393
4.307
5.264
4.307
2.393
0.479
-1.436
-3.35
-3.35
-1.436
0.479
0.479
-0.479
-3.35
-6.221
-7.178
-7.178
-5.264
-4.307
-4.307
-3.35
-1.436
0.479
1.436
2.393
2.393
3.35
4.307
5.264
5.264
4.307
3.35
2.393
2.393
3.35
5.264
5.264
4.307
2.393
0.479
-0.479
-0.479
-1.436
-3.35
-4.307
-5.264
-5.264
-5.264
-4.307
-3.35
-3.35
-2.393
-2.393
-1.436
-0.479
0.479
2.393
3.35
4.307
4.307
3.35
2.393
1.436
1.436
2.393
3.35
3.35
2.393
2.393
2.393
2.393
2.393
1.436
1.436
1.436
1.436
0.479
0.479
1.436
2.393
3.35
4.307
4.307
4.307
4.307
4.307
4.307
3.35
1.436
0.479
1.436
3.35
4.307
5.264
4.307
2.393
-0.479
-3.35
-5.264
-5.264
-4.307
-3.35
-2.393
-3.35
-4.307
-4.307
-3.35
-3.35
-2.393
-2.393
-2.393
-2.393
-2.393
-3.35
-3.35
-2.393
-0.479
1.436
1.436
0.479
-0.479
-1.436
-2.393
-3.35
-3.35
-2.393
-1.436
-0.479
0.479
2.393
3.35
3.35
2.393
1.436
0.479
-0.479
-1.436
-3.35
-4.307
-4.307
-4.307
-2.393
-1.436
-0.479
0.479
0.479
0.479
-1.436
-3.35
-3.35
-2.393
-0.479
0.479
0.479
-0.479
-0.479
-0.479
-0.479
-0.479
-1.436
-2.393
-3.35
-3.35
-3.35
-2.393
-1.436
-0.479
0.479
2.393
3.35
3.35
3.35
3.35
2.393
1.436
-0.479
-2.393
-3.35
-2.393
-2.393
-3.35
-4.307
-5.264
-6.221
-5.264
-4.307
-3.35
-1.436
-0.479
0.479
0.479
0.479
0.479
1.436
3.35
4.307
6.221
6.221
5.264
4.307
3.35
3.35
2.393
2.393
2.393
1.436
0.479
-0.479
-2.393
-3.35
-4.307
-4.307
-4.307
-4.307
-4.307
-4.307
-3.35
-2.393
-0.479
0.479
0.479
0.479
0.479
0.479
1.436
2.393
2.393
3.35
4.307
4.307
4.307
4.307
1.436
-0.479
-1.436
-1.436
0.479
0.479
0.479
-0.479
-2.393
-4.307
-4.307
-4.307
-2.393
-0.479
0.479
0.479
0.479
0.479
0.479
1.436
0.479
0.479
-1.436
-4.307
-5.264
-6.221
-5.264
-4.307
-1.436
1.436
2.393
3.35
3.35
4.307
5.264
6.221
6.221
5.264
6.221
5.264
5.264
3.35
2.393
0.479
0.479
0.479
-0.479
-1.436
-2.393
-3.35
-4.307
-4.307
-4.307
-3.35
-3.35
-3.35
-3.35
-4.307
-4.307
-3.35
-1.436
0.479
0.479
0.479
0.479
0.479
-1.436
-2.393
-3.35
-3.35
-3.35
-2.393
-2.393
-2.393
-1.436
-0.479
0.479
1.436
0.479
0.479
0.479
0.479
0.479
0.479
-0.479
-0.479
0.479
1.436
2.393
1.436
0.479
-0.479
-0.479
0.479
1.436
3.35
4.307
4.307
3.35
1.436
-0.479
-2.393
-4.307
-5.264
-4.307
-4.307
-1.436
0.479
1.436
2.393
2.393
0.479
-2.393
-3.35
-3.35
-3.35
-2.393
-1.436
-1.436
-1.436
-2.393
-2.393
-2.393
-0.479
-0.479
-0.479
-1.436
-2.393
-2.393
-2.393
-1.436
-0.479
-0.479
-0.479
0.479
0.479
2.393
4.307
4.307
4.307
2.393
1.436
0.479
0.479
1.436
1.436
2.393
1.436
0.479
0.479
0.479
0.479
1.436
1.436
1.436
1.436
0.479
0.479
0.479
0.479
0.479
0.479
0.479
-0.479
-0.479
-1.436
-0.479
0.479
2.393
2.393
1.436
1.436
2.393
4.307
6.221
7.178
7.178
5.264
3.35
1.436
0.479
-0.479
-1.436
-1.436
-1.436
-2.393
-4.307
-5.264
-6.221
-6.221
-7.178
-7.178
-5.264
-4.307
-2.393
-0.479
1.436
2.393
2.393
2.393
3.35
3.35
4.307
4.307
3.35
2.393
0.479
-0.479
-0.479
-1.436
-2.393
-2.393
-1.436
-0.479
0.479
0.479
0.479
-0.479
-0.479
-0.479
0.479
0.479
0.479
-0.479
-0.479
-0.479
0.479
2.393
4.307
6.221
7.178
7.178
6.221
4.307
3.35
2.393
1.436
0.479
0.479
0.479
0.479
0.479
-0.479
-0.479
-1.436
-1.436
-1.436
-0.479
0.479
1.436
0.479
-0.479
-1.436
-1.436
-0.479
0.479
0.479
0.479
-0.479
-1.436
-2.393
-2.393
-0.479
0.479
2.393
2.393
3.35
3.35
3.35
3.35
2.393
1.436
0.479
-0.479
-2.393
-3.35
-3.35
-3.35
-2.393
-0.479
0.479
0.479
-0.479
-0.479
-0.479
-0.479
0.479
1.436
3.35
3.35
3.35
3.35
3.35
3.35
3.35
4.307
3.35
3.35
1.436
0.479
-1.436
-3.35
-5.264
-7.178
-8.135
-8.135
-8.135
-6.221
-3.35
-0.479
2.393
4.307
6.221
5.264
4.307
1.436
-0.479
-3.35
-3.35
-2.393
-1.436
-1.436
-2.393
-3.35
-4.307
-4.307
-4.307
-3.35
-2.393
-0.479
0.479
2.393
3.35
2.393
1.436
-0.479
-0.479
-0.479
-0.479
0.479
0.479
-0.479
-2.393
-3.35
-2.393
-0.479
2.393
3.35
3.35
2.393
0.479
-0.479
-1.436
-2.393
-3.35
-3.35
-4.307
-3.35
-2.393
-1.436
-0.479
0.479
0.479
0.479
1.436
1.436
0.479
0.479
0.479
0.479
1.436
2.393
3.35
4.307
4.307
4.307
3.35
1.436
-0.479
-3.35
-5.264
-6.221
-7.178
-6.221
-5.264
-4.307
-3.35
-2.393
-0.479
0.479
3.35
5.264
6.221
5.264
4.307
3.35
2.393
1.436
1.436
1.436
0.479
-1.436
-3.35
-4.307
-4.307
-4.307
-4.307
-3.35
-2.393
-1.436
-0.479
0.479
1.436
1.436
2.393
3.35
3.35
2.393
1.436
0.479
0.479
0.479
0.479
0.479
1.436
2.393
2.393
3.35
4.307
4.307
4.307
4.307
3.35
2.393
2.393
1.436
0.479
-0.479
-2.393
-4.307
-4.307
-4.307
-3.35
-3.35
-2.393
-3.35
-4.307
-4.307
-4.307
-3.35
-0.479
1.436
3.35
4.307
4.307
4.307
4.307
4.307
3.35
1.436
-0.479
-2.393
-3.35
-3.35
-2.393
-1.436
-0.479
