852.537824 0.326037 16.368642 1292.537824
1751.368128 2.021356 56.400238 2005.251470
1496.288965 2.390460 57.873617 1056.288965
1469.457809 4.346583 68.671156 1077.821888
1403.694289 6.595234 82.026482 1047.678122
1169.789267 6.341089 68.203871 698.895004
886.244500 6.316089 61.674416 511.672505
722.563160 7.851316 66.508434 487.150721
665.580353 7.548815 57.882176 369.680647
628.215664 6.644879 46.564643 263.614404
602.357914 5.629722 46.718563 186.598210
578.620995 5.700825 46.787146 158.967557
558.649686 5.550371 46.276549 132.074308
543.120137 7.287422 45.483345 147.883531
530.532920 9.622969 44.539455 169.551187
527.195234 9.481831 43.325937 147.382757
525.904630 8.707344 41.789693 120.068087
523.562729 7.186153 40.515470 88.596434
529.564315 6.679877 39.451825 75.324649
538.037079 7.436288 38.225775 73.841264
544.720135 8.234385 37.007705 73.989257
549.866295 8.247371 35.895513 67.582115
553.841595 7.653667 34.922540 58.278042
556.995181 7.714518 34.078670 55.117385
559.600332 8.040058 33.331602 52.439629
561.843022 9.275425 32.642752 54.721428
563.834470 10.377667 31.976921 56.280920
565.631632 11.933146 34.762052 60.556805
567.257016 13.002306 37.383093 61.675577
568.714339 13.429625 38.503467 59.377431
569.999380 14.822198 37.904447 61.192389
571.106672 16.604133 37.322323 64.492410
572.033100 17.362019 37.563259 63.339935
572.779399 17.258863 37.366159 59.299891
573.350367 17.057548 36.736961 55.174320
573.754387 16.935488 36.823269 51.867089
574.002633 16.124805 36.967653 46.903057
574.108201 16.768208 37.602998 46.427024
574.085307 17.622471 38.133742 46.344954
573.948597 18.343331 38.345974 45.912264
