-6.1
-10.45
-9.45
-9.15
-10.75
-13.1
-13.5
-11.9
-9.75
-8.5
-10.8
-15.35
-18.51
-17.81
-15.3
-12.6
-9.5
-6.2
-5.4
-9.85
-16.06
-19.31
-13.1
-1.8
8.55
4.6
-8.85
-13.6
-17.36
-23.16
-29.26
-31.56
-23.91
-18.46
-18.01
-16.36
-11.55
-2.1
8.75
19.31
24.41
29.41
39.96
47.77
45.56
38.91
31.51
25.31
28.71
37.56
47.12
58.47
68.57
69.22
62.57
49.97
40.01
23.16
-22.61
-65.12
-69.52
-54.37
-36.71
-15.46
3.75
22.11
40.36
60.47
85.28
110.79
137.54
149.05
130.54
104.78
91.38
90.93
88.28
87.03
94.73
110.19
76.93
-57.62
-177.56
-203.07
-201.07
-192.56
-177.56
-174.06
-175.06
-178.06
-172.06
-149.05
-122.04
-93.63
-60.57
-22.31
17.16
57.27
97.28
138.04
178.06
218.57
257.08
288.59
312.1
331.11
312.1
257.08
56.02
-178.56
-200.57
-175.56
-148.55
-92.68
-46.32
-3
32.31
71.42
104.28
147.55
116.84
-102.73
-209.07
-164.05
-137.04
-79.48
-17.11
-21.66
-132.54
-181.06
-166.55
-158.55
-135.54
-111.54
-87.58
-63.72
-39.71
-15.76
7.2
4.65
-26.41
-63.57
-89.48
-83.38
-65.77
-46.67
-22.11
3.85
30.26
54.67
28.81
-23.46
-20.61
-1.45
17.76
45.46
72.42
100.68
124.54
78.98
23.01
46.22
68.62
100.48
133.54
169.56
55.47
-112.09
-100.13
-61.92
-23.71
37.36
-19.76
-128.04
-128.04
-111.54
-96.13
-66.07
-38.71
-17.06
-40.01
-49.92
-33.06
-22.31
-4.6
15.81
39.36
54.82
41.51
9.5
-13.85
-8.4
14.4
38.96
69.72
101.83
134.54
161.05
108.09
22.51
14.4
27.61
11.9
-10.1
-0.2
17.46
35.26
57.22
80.13
104.38
129.04
154.05
179.06
190.56
192.06
187.56
151.05
2
-87.63
-46.32
-34.76
-71.57
-139.05
-206.07
-224.57
-193.56
-158.05
-114.04
-64.27
-8.55
48.52
106.83
157.05
88.13
-11.35
5.8
36.61
71.52
120.19
163.55
215.57
207.57
15.51
-118.99
-104.48
-99.88
-68.82
-85.98
-168.05
-186.56
-165.55
-150.05
-121.04
-94.18
-64.17
-52.72
-87.23
-120.54
-118.54
-115.54
-93.38
-63.17
-24.11
-37.01
-121.74
-124.49
-91.03
-67.87
-27.16
8.6
48.37
76.22
67.42
33.51
8.55
13.25
36.86
61.52
90.78
119.04
148.05
173.56
157.05
96.03
42.21
25.91
34.36
43.46
36.56
7.55
-12.6
-14.05
-17.11
-23.86
-20.26
-11.3
3.9
26.31
47.92
41.71
10.7
-23.46
-28.06
-1.9
16.26
5.05
-8.95
1.5
14.5
29.51
44.51
33.36
6.25
-7.15
-5.3
4.05
5.55
-3
-6.55
-2.6
1.1
6.15
1.45
-18.01
-36.26
-33.26
-24.01
-20.66
-15.3
-7.35
9.25
4.75
-9.95
-6.25
-7
-10.85
-10.5
-5.05
3.55
15.41
29.51
53.02
74.22
48.17
-3.95
-19.36
-8.3
5.85
10.35
-8.55
-34.31
-44.76
-32.21
-12.95
5.8
23.96
36.96
27.11
-1.85
-18.21
-14.3
-14.4
-17.16
-9.6
-0.1
9.35
20.01
24.91
15.56
3.55
9.6
31.76
46.37
34.16
14.15
3.5
-2.15
1.55
7.25
17.41
31.16
44.66
53.32
48.32
41.16
47.87
65.77
56.07
38.81
25.46
-5.3
-22.66
-32.71
-40.91
-44.21
-45.21
-44.56
-25.76
6.05
-1.5
-35.01
-51.12
-44.61
-38.36
-35.66
-31.21
-29.06
-26.51
-26.71
-30.71
-32.71
-26.31
-14.75
0.45
18.41
29.56
33.41
34.96
34.96
32.26
29.61
20.86
16.31
17.51
26.01
-23.86
-110.59
-134.54
-134.54
-127.04
-111.54
-93.48
-74.02
-54.77
-35.11
-15.91
-7.55
-13.65
-16.46
-3.1
12.4
10.65
15.71
42.31
72.47
103.38
145.05
140.55
0.5
-73.32
-40.56
-34.06
-59.82
-80.83
-62.67
-63.37
-61.12
-28.96
17.56
72.42
137.04
130.89
67.77
53.77
39.96
1.85
-30.76
-67.37
-98.88
-115.04
-97.68
-58.62
-17.01
28.71
86.28
139.55
67.02
-11.8
-1.1
-1.8
8.3
34.16
66.77
29.66
-39.76
-37.96
-17.21
-10.15
2.3
22.81
47.47
66.02
77.73
69.67
44.81
16.36
4.35
-17.11
-42.86
-26.51
4.45
36.76
33.01
1.9
-0.55
-3.95
-20.26
-35.96
-39.46
-30.36
-18.31
4.7
36.21
68.67
99.73
93.68
48.52
-6.55
-31.96
-24.41
-54.52
-92.33
-78.13
-46.27
-12.95
16.81
38.36
43.46
22.11
1.25
-13.25
-26.31
-27.76
-30.71
-46.32
-63.62
-76.27
-66.32
-43.16
-17.56
2.7
1.4
-2.1
-8.65
-28.91
-24.51
-0.05
22.66
49.47
64.02
45.96
9.85
-26.56
-41.51
-29.96
-14.55
3.9
25.26
31.01
0.7
-32.76
-55.37
-67.02
-62.57
-55.17
-46.06
-35.86
-28.76
-40.36
-58.47
-76.83
-100.93
-99.58
-82.58
-67.62
-52.77
-40.31
-26.61
-8.95
11.55
32.16
52.27
69.02
85.03
100.18
110.04
116.04
122.04
129.04
146.05
169.56
192.06
164.05
84.13
15.1
-40.31
-61.07
-62.42
-83.88
-111.74
-121.54
-111.54
-98.53
-83.18
-77.63
-82.98
-85.53
-86.18
-86.83
-87.08
-87.68
-71.12
-24.26
13.35
23.01
41.26
44.71
27.51
36.06
53.72
55.72
44.01
27.61
19.81
34.56
41.76
31.56
36.01
33.56
16.36
8.25
-3.55
-11.25
-4.8
2.8
5.95
-5.05
-23.06
-27.86
-13.45
7.7
30.41
43.26
47.57
48.92
47.27
33.61
20.76
24.81
33.36
44.86
54.07
58.27
70.52
80.98
87.33
64.72
19.51
-3.9
-23.51
-38.66
-42.11
-34.56
-27.26
-9.8
25.11
9.85
-30.91
-23.51
2.8
29.21
23.61
-33.51
-74.67
-52.37
-19.31
-2.8
-1.8
-18.31
-29.21
-30.11
-28.51
-25.06
-13.35
-5.25
3.35
20.06
32.01
65.07
92.78
53.87
-9.15
-67.82
-90.08
-77.58
-64.17
-43.46
-22.91
-4.85
8.95
32.81
24.31
-25.56
-42.36
-52.47
-60.37
-44.36
-14.15
36.01
73.67
106.08
133.54
129.04
97.08
48.82
6.85
-15.76
-7.65
12.75
36.26
47.17
22.21
-1.85
-13.35
-10.25
-0.7
-5.55
-16.36
-25.66
-40.76
-61.97
-65.32
-42.26
-22.21
-6.9
6.9
11.75
17.91
32.91
26.41
-22.86
-55.17
-39.91
-16.21
8.45
33.01
29.61
7.75
-13.5
-12.9
11.6
36.46
63.27
70.27
47.67
15.86
-10.45
-22.11
-22.96
-16.11
-3
14.55
10.35
-12.5
-34.36
-41.71
-27.91
-10.65
7.6
4.5
-3.75
11.75
30.21
48.77
55.87
47.42
38.81
42.46
57.92
66.82
42.76
0.1
-34.86
-59.57
-52.57
-30.46
-12.75
4.3
-0.45
-23.96
-43.26
-42.46
-27.66
-11.5
6.5
10.6
0.35
-9.15
-22.11
-33.41
-21.86
-0.9
19.11
39.06
53.77
58.97
45.31
12.85
-42.51
-69.27
-52.32
-32.36
-8.9
19.06
32.16
20.71
22.96
32.76
28.56
23.01
20.21
18.61
9.75
-6.15
-24.36
-34.11
-24.21
-8.65
7.1
3.7
-17.56
-26.71
-33.36
-31.51
-22.86
-19.86
-17.81
-10.6
-3.25
-10.6
-15.41
-1.8
21.51
51.92
80.28
88.18
80.68
63.67
34.96
10.05
-8.75
-17.06
-11.2
-2.6
7.5
17.21
11.95
-5
-22.66
-42.41
-61.37
-64.37
-52.07
-38.46
-22.61
-7.7
-9.45
-24.91
-39.16
-42.81
-36.81
-33.06
-37.56
-46.32
-48.32
-44.76
-39.06
-31.91
-26.76
-19.86
-10.35
21.96
61.47
80.03
83.03
77.38
60.22
25.96
4.65
-5.65
-7.05
0.75
6.7
10.4
14.85
19.91
13.95
0.9
-6.4
-0.1
8.8
12.65
6.9
-8.4
-17.31
-9.7
7.4
13
-0.5
-20.86
-30.56
-20.21
-7.65
-2.7
1.2
3.5
5.35
7.7
11.55
15.56
19.76
23.96
28.16
32.41
36.61
43.01
43.36
31.56
17.66
1.8
-10.15
-3.5
4.05
-11.15
-40.81
-59.82
-61.07
-50.22
-24.06
10.2
27.46
12.8
-4.05
-8.5
-16.56
-31.86
-46.77
-37.06
-9.6
5.45
10.9
15.51
21.21
28.81
35.71
27.76
1.4
-22.96
-30.71
-28.91
-29.56
-32.16
-29.21
-16.06
2.45
25.06
38.91
32.36
20.06
5.8
-9.65
-22.11
-30.26
-21.36
-0.85
21.46
45.56
50.02
28.36
6.8
-7.1
-20.26
-30.56
-34.91
-37.66
-39.91
-44.51
-48.42
-44.31
-40.66
-37.91
-26.91
-12.2
-0.65
1.25
-4.55
-12.05
-14.2
0.55
24.21
50.62
68.52
73.92
75.07
68.37
55.62
37.41
11
-16.61
-33.61
-43.81
-46.01
-42.21
-34.61
-16.41
9.25
33.16
51.52
52.82
36.81
20.51
3.6
-16.46
-34.91
-29.91
-8.7
12.75
36.76
56.12
59.77
48.37
29.86
6.8
-17.56
-41.71
-61.97
-81.83
-89.58
-74.72
-50.37
-14.45
19.81
44.91
60.17
49.97
36.81
33.11
27.86
13.25
-8.95
-17.81
-8.65
4.2
19.26
34.71
48.57
54.72
42.26
23.96
7.05
-10.65
-23.26
-32.36
-41.06
-49.22
-50.87
-43.11
-33.76
-24.61
-19.01
-17.16
-13.9
-8.6
-2.55
3.05
1.8
-6.75
-15.86
-26.36
-35.51
-36.46
-31.41
-30.76
-36.76
-44.71
-52.52
-60.37
-59.97
-50.07
-22.71
12.25
33.21
52.77
61.17
52.67
42.91
38.46
36.26
34.86
18.26
-12.3
-35.71
-46.57
-34.66
-14.35
4.95
25.96
42.96
43.76
32.56
21.91
9.95
0.7
-0.3
3.25
7.15
11.7
11.45
7.6
4
-0.45
-3.1
-1.35
-1.05
-7.45
-17.96
-32.06
-46.82
-61.57
-51.22
-18.76
2.1
21.11
40.31
49.37
43.36
35.01
32.41
29.56
27.41
21.56
8.15
-10.85
-28.86
-33.76
-30.36
-28.86
-25.86
-25.16
-28.71
-33.71
-36.16
-33.26
-25.06
-8.7
10.75
17.81
14.45
13.45
12.5
10.9
10
9.05
5.4
-5.6
-18.91
-34.16
-43.41
-36.61
-24.61
-12
2.45
13.25
15.81
16.06
12.55
1
-13.65
-22.46
-8.7
16.11
26.56
17.66
2.15
-13.4
-15.15
-2.25
10.65
24.61
39.46
46.92
31.26
5.4
-22.71
-42.01
-34.26
-17.11
5.8
23.91
19.11
6.45
-8
-27.51
-47.42
-67.37
-70.02
-43.76
-10.6
25.01
61.97
94.18
102.68
72.12
30.56
-13.25
-61.67
-103.83
-104.73
-74.02
-42.21
-3.9
31.36
40.01
28.56
17.16
16.11
28.26
42.16
54.97
55.67
53.57
57.37
60.62
60.52
52.97
31.21
4.05
-15.35
-26.66
-31.61
-34.66
-42.71
-57.52
-69.17
-75.37
-81.53
-70.62
-38.76
-4.05
25.46
43.46
42.56
30.66
20.41
26.76
48.57
61.22
50.02
29.36
12.85
3.15
-1.95
-17.41
-33.31
-41.86
-48.12
-64.12
-70.27
-40.86
0
34.91
62.67
74.67
65.57
50.87
49.02
58.02
68.32
79.13
88.93
95.13
95.23
87.18
53.92
-1.25
-59.52
-113.09
-110.99
-66.37
-19.36
33.76
70.87
68.97
42.86
14.5
-19.56
-36.36
-18.36
8
40.66
82.18
106.53
111.54
102.53
87.28
70.67
55.82
35.71
0.25
-38.66
-79.63
-117.54
-128.04
-122.04
-111.04
-88.63
-65.52
-51.87
-44.71
-34.81
-23.36
-15.86
-11.95
-7.4
-1.55
4.95
5.75
0.3
-4.5
-4.75
-2.35
3.15
14.05
26.61
38.86
51.37
56.97
51.32
38.21
20.36
5.15
-1.85
-5.1
-8.5
-15.1
-19.46
-8.15
7.95
18.86
25.46
26.56
21.01
6.8
-5.7
-15.56
-19.16
-14.35
-9.2
-9.65
-14.6
-17.81
-21.76
-23.91
-20.56
-14.95
-15.46
-22.51
-29.41
-32.96
-39.51
-44.21
-38.21
-27.36
-14.1
-1.95
1.65
-4.5
-9.1
-11.95
-15.71
-20.11
-28.06
-37.21
-43.91
-42.71
-37.31
-30.36
-21.51
-9.6
6.8
22.01
32.31
35.81
31.16
18.51
2.8
-8.5
-18.51
-23.71
-17.76
-9.7
-2.5
5.55
14.65
24.31
32.56
33.81
24.61
10.25
-6.6
-23.76
-26.91
-16.86
-5.15
8.4
22.56
27.06
18.96
11.9
6.3
0.7
-1.65
-2.95
-4.2
-6.85
-12.2
-15.15
-11.2
-3.8
-1
-8.4
-18.66
-29.96
-36.96
-30.81
-20.76
-8.9
6.95
22.76
34.76
39.96
39.56
35.71
25.61
15.41
9.75
3.45
-3.45
-9.9
-12.9
-12.15
-10.85
-9.3
-11.25
-17.31
-23.71
-30.96
-35.46
-32.81
-26.21
-10.45
5.85
15.1
22.96
22.76
17.96
13.35
13.15
17.71
22.01
19.16
9.8
-0.55
-8.15
-6.15
-0.5
5.8
9.7
6.65
1.95
-3.3
-8.25
-10.4
-11.2
-12.3
-14.95
-18.36
-15.15
-5.7
2.25
9.2
16.46
19.96
18.41
15.61
12.6
11.85
14
14.45
12.7
10.7
7.85
1.6
-3.9
-6.7
-13.1
-24.96
-37.06
-46.92
-49.52
-43.31
-34.21
-20.01
-3
9.1
14.45
16.71
18.61
22.51
29.31
32.96
29.01
21.26
10.9
-2
-13.75
-20.96
-26.66
-29.06
-25.21
-20.06
-14.75
-12.35
-12.75
-10.45
-5.3
0.65
5.2
6
5.25
5.7
9.5
15.25
21.11
27.51
30.26
27.46
23.36
18.96
17.76
21.31
25.81
29.16
24.86
15.1
3.35
-10.1
-24.26
-32.86
-27.71
-18.36
-7.9
0.05
-2.1
-7.7
-11.35
-13.45
-13.6
-11.65
-8.75
-4.45
0.75
5.9
12.15
19.86
27.91
33.01
32.96
26.56
14.3
4.1
-0.3
-3.1
-6.1
-9.8
-13.85
-13.6
-8.6
-3.1
-0.45
-0.3
0.55
3
5.9
7.9
9.2
11.1
13.55
15.96
18.61
22.81
28.66
30.21
25.91
16.81
5.2
-0.6
-2.35
-4.45
-6.8
-6.75
-2.95
1.5
6.65
12.55
18.01
17.41
10.8
4.7
-0.05
-4.6
-8.5
-8.75
-6.45
-4.15
-2.2
-0.75
-0.05
-0.35
-0.85
-1.05
-0.65
-0.1
0.85
3.45
6.95
10.6
14
14.25
11.65
7.9
3.1
-1.7
-6.9
-9.7
-7.1
-2.65
1.2
3.8
5.65
6
4.85
3.15
0.8
-1.55
-2.85
-2.25
-1.15
-0.55
-1.1
-1.95
-2.9
-3.4
-1.95
0.35
2.75
5.3
6.4
5.75
2.9
-1.95
-6.05
-7
-6.45
-8.6
-13.4
-16.76
-14.55
-9.35
-5.3
-3.05
-1.35
0.1
2
5.9
9.85
9.25
5.4
1.4
-1.75
-2.95
-3.75
-4.3
-5.5
-9.25
-11.85
-11.25
-10.3
-8.95
-7.85
-9.3
-12.4
-15.2
-15.51
-13.7
-12.05
-10.95
-10.3
-9.8
-8.05
-3.25
2.6
8.2
13.1
17.46
18.36
15.51
12.15
8.35
3.7
-2.85
-8.6
-11.35
-13
-15.2
-19.06
-24.21
-27.16
-24.56
-19.76
-14.7
-8.85
-3.05
2.7
7.65
12.15
16.56
20.96
24.71
25.86
24.11
19.91
14.9
9.05
0.35
-9.8
-17.96
-23.21
-25.31
-24.86
-23.56
-20.26
-15.76
-10.9
-4.8
1.5
6.65
9.3
9.85
10
10.2
12
12.85
11.05
8.6
4.55
-0.45
-5.55
-10.7
-16.06
-19.21
-16.66
-11.95
-7.2
-4.4
-4.2
-4.25
-4.7
-4.4
-3
-2.15
-1.9
-1.6
-1.4
-1.2
0.8
4.8
9.15
10.55
7.6
3.65
-0.7
-5.45
-8.5
-9.2
-9.35
-9.35
-8.9
-6.9
-3.7
-0.4
2.6
3.6
3.4
3.15
3.45
4.7
6.05
7.6
8.6
8.2
7.35
6.55
6.8
8.1
9.45
10.65
10.05
8.25
6.4
5.75
7.05
8.8
10.75
12.65
12
9.1
6.05
2.8
-0.45
-3.15
-5.5
-7.75
-10.35
-13.95
-17.86
-21.56
-24.56
-26.41
-27.41
-28.26
-28.26
-27.41
-26.41
-25.46
-23.51
-19.61
-15.1
-11.9
-10.7
-10
-9.3
-8.15
-6.55
-4.95
-3.15
-0.25
2.65
3.85
4.5
4.55
4.3
4.05
3.7
3.4
3.95
5.5
7.4
9.75
12.2
14.7
17.06
17.71
17.06
16.36
15.3
12.75
8.8
5
2.05
1.4
2.35
3.4
4.7
6.15
8.2
10.6
13
14.3
13.4
12.35
12.3
12.5
12.8
13.15
11.95
9.25
6.25
3.3
1.25
-0.3
-1.8
-1.8
0.35
3.05
5.95
8.95
11.8
11.7
8.15
4
-0.45
-5.35
-8.45
-7.15
-4.2
-1.2
0.9
1.7
2.45
2.95
4
5.85
7.9
10.05
12.25
13.65
13.85
13.85
13.75
13.7
12.05
6.6
-0.1
-4.75
-7.4
-9.85
-13.45
-17.71
-19.26
-18.51
-17.61
-16.31
-14.9
-13.55
-12.7
-12.25
-11.8
-11.5
-11
-8.5
-4.25
-0.95
-0.1
-0.4
-0.9
-1.65
-1.35
0.15
1.9
3.85
5.15
4.75
3.6
2.05
0.3
-1.45
-2.2
-1.35
-0.15
1.15
2.6
4.05
5.25
6.1
6.95
7.75
8.6
10.9
14.8
15.66
12.45
8.75
5.25
1.85
-1.5
-4.8
-7.95
-9.3
-8.7
-7.8
-6.2
-4.05
-1.7
1.45
4.25
4.8
4.2
3.5
2.5
1.5
0.55
-0.45
-1.2
-0.6
0.9
2.3
2.65
1.95
1.6
2.1
2.9
3.85
4.55
3.35
0.9
-1.65
-4.5
-7.35
-10.15
-11.15
-10.05
-8.6
-7.3
-6.55
-6
-5.35
-4.55
-3.7
-2.85
-1.9
-0.95
-0.05
0.85
1.7
1.1
-0.85
-2.9
-5.2
-7.55
-9.85
-11.95
-14
-15.81
-16.96
-17.91
-18.91
-19.81
-20.76
-20.56
-18.56
-15.41
-10
-3.95
0.3
3.75
6.85
8.55
9.55
9.75
8.65
7.05
4.7
1.8
-1.05
-4.05
-5.1
-2.9
0
2.3
4.05
5.1
5.6
6
6.35
6.7
7.05
7.35
7.6
7.5
7.1
6.65
6.1
5.6
5.1
5.45
7
8.75
10.5
12
13.25
13.5
12.7
11.85
10.85
9.5
7.95
6.4
4.8
3.2
1.55
0.55
0.6
0.85
1.6
3.25
4.7
5.65
6.65
7.55
8.4
9.2
9.5
9.4
9.1
5.7
1.25
-0.25
-1.25
-2.2
-2.85
-4.05
-5.6
-7.2
-8.85
-10.55
-12.1
-11.7
-9.75
-7.75
-5.45
-3.1
-1.5
-1
-0.7
-0.45
0.05
0.95
1.9
2.95
3.9
4.35
4.15
2.6
0.25
-2.2
-4.15
-5.1
-5.85
-6.5
-7.05
-7.65
-7.75
-6.95
-4.6
-1.15
2.55
5.55
6.25
6
5.7
5.15
4.65
4.15
3.4
1.45
-1.3
-3.9
-4.7
-3.95
-3.1
-2
-0.85
0
0.1
-0.05
-0.25
-0.55
-0.65
-0.35
0.1
0.5
0.3
-0.4
-1.1
-1.95
-2.65
-2.85
-2.8
-2.65
-2.45
-2.25
-2.4
-3.55
-5.1
-6.7
-8
-8.3
-8.25
-7.9
-6.25
-3.9
-1.5
0.8
1.8
1.95
2.1
2.1
2.6
3.7
4.6
4.9
4.9
4.85
4.75
4.95
5.95
7.3
8.7
9.6
9.65
9.6
9.45
9.2
9
8.8
8.55
8.3
8.1
7.85
6.95
5.45
4.1
3.55
3.5
3.45
3.55
3.4
2.55
1.7
1.45
1.3
1.2
1.15
0.55
-0.5
-1.5
-2.25
-2.7
-3.1
-3.5
-4.25
-5.55
-7
-8.45
-9.95
-11.45
-13
-14.05
-13.15
-11.15
-9.05
-7.25
-6.5
-6.05
-5.7
-5.45
-5.15
-4.9
-4.65
-4.35
-4.05
-3.5
-2.85
-1.85
-0.05
2.05
3.85
4.7
5.1
5.45
5.9
7.35
9.25
9.25
7.75
6.2
4.3
3.05
2.85
2.85
2.75
1.95
0.55
-0.55
-1.05
-1.35
-1.55
-2.3
-4.95
-8.35
-10.05
-10.35
-10.55
-10.25
-9.4
-8.4
-7.65
-7.3
-7
-6.75
-6.5
-5.15
-2.65
0
2.8
5.7
8.5
9.25
7.45
5.2
2.7
-0.05
-2.45
-3.6
-4.05
-4.5
-4.75
-5
-5.25
-5.5
-5.7
-5.2
-3.75
-2.1
-0.3
1.2
1.8
2.2
2.5
3
4.25
5.7
7.2
8.7
9.55
9.95
10.35
10.65
10.9
10.7
10.15
9.6
8.95
8.25
7.55
6.75
5.9
5.05
4.2
3.45
2.9
2.4
1.9
1.45
0.95
0.5
0.55
1.05
1.6
2.05
1.55
0.3
-1
-2.4
-3.9
-5
-5.05
-4.55
-4.05
-3.15
-1.7
-0.1
1.2
1.95
2.85
4.8
7.2
9.75
10.95
9.7
7.9
5.9
3.7
1.55
-0.6
-2
-2.85
-3.95
-5.75
-7.65
-8.6
-9.05
-9.4
-9.6
-9.8
-10
-10.15
-10
-9.65
-9.25
-8.85
-8.8
-9
-9.2
-9.45
-9.65
-9.25
-8.45
-7.6
-6.95
-6.8
-6.75
-6.7
-6.65
-6.6
-6.5
-6
-5.3
-4.65
-3.85
-2.85
-1.8
-0.75
0.4
1.35
1.3
0.6
-0.1
-0.95
-1.05
-0.05
1.1
1.45
1.25
1
0.65
0.25
0.1
0.55
1.15
1.75
2.15
1.6
0.5
-0.6
-1.8
-2.4
-2.15
-1.75
-1.7
-2
-2.45
-2.85
-2.8
-2.4
-2.2
-2.7
-3.65
-4.6
-4.85
-4.45
-4.05
-3.5
-2.9
-2.3
-1.95
-1.85
-1.65
-0.1
2.7
5.4
6.85
7.3
7.7
7.9
8.05
8.25
8.1
6.95
5.45
3.95
3
2.95
3.1
3.35
3.6
3.05
1.55
-0.05
-1.8
-3.15
-2.85
-1.75
-0.6
0.2
0.2
0
-0.3
-0.65
-0.95
-1.3
-1.35
-1
-0.6
-0.15
0.3
0.65
0.8
0.85
0.95
1.6
2.75
3.95
5.25
6.55
7.55
7.05
5.6
4.1
2.4
0.6
-0.2
1.5
4.1
6.95
8.45
5.65
1.45
-3.2
-4.5
1.5
9.4
17.56
20.31
13.95
9.25
8.4
8.35
5.3
-3.4
-14.2
-17.41
-7.75
5
10.3
7.35
2.55
-3.3
-8.8
-6.1
2.7
10.35
10.25
4.35
2.75
6.25
8.8
6.9
3.8
2
1.45
0.1
-2.25
-5.05
-6.05
-3.7
-0.3
3.1
7.25
7.75
0.5
-8.35
-10.7
-7.75
-4.2
0.4
3.5
2.6
0.65
-0.4
-0.05
0.8
1.7
1.85
0.85
-0.2
-1.75
-4.1
-6.95
-8.85
-7.7
-4.85
-1.9
1.55
3.5
1.15
-2.95
-7.4
-9
-5
0.4
3.6
3.35
1.95
1.4
3.8
6.7
7.35
7.5
7.45
7.2
6.4
4.75
2.95
0.95
-1.75
-4.85
-6.6
-5.95
-5.25
-5.4
-5.55
-4.5
-1.65
1.65
5.15
8.3
9.05
8.25
7.4
7.15
7.6
8.1
7.3
4.9
2.2
0.3
0.15
0.45
-0.25
-1.95
-3.75
-5.75
-6.7
-5.45
-3.6
-1.75
-1.5
-2.8
-4.2
-5.55
-5.8
-5.5
-5.2
-5.8
-7.85
-10.25
-12.7
-13.9
-13.9
-13.05
-10.85
-8.5
-6
-4
-3.8
-4.35
-5
-5.9
-6.75
-7.6
-7.65
-6.25
-4.45
-3.15
-2
-0.7