2.1335E-03
-5.6465E-03
-1.0576E-02
-1.0226E-02
-9.7165E-03
-1.0106E-02
-9.9665E-03
-9.9865E-03
-1.5026E-02
-2.5586E-02
-3.1516E-02
-2.4506E-02
-1.9166E-02
-1.4956E-02
-4.2265E-03
2.6635E-03
8.6335E-03
1.1234E-02
1.4194E-02
2.2874E-02
2.9934E-02
3.6394E-02
3.8484E-02
4.0334E-02
4.0254E-02
3.5854E-02
3.8314E-02
3.5634E-02
2.8624E-02
2.6524E-02
2.4334E-02
2.8534E-02
3.0884E-02
2.7964E-02
2.1554E-02
1.8304E-02
1.9564E-02
5.4235E-03
-1.8165E-03
-1.0565E-03
-9.2565E-03
-1.2336E-02
-1.8566E-02
-2.1516E-02
-1.9186E-02
-2.0886E-02
-1.8046E-02
-1.1696E-02
-5.2465E-03
-9.8165E-03
-1.5166E-02
-7.9665E-03
-1.2665E-03
5.7235E-03
1.0474E-02
1.0034E-02
4.7935E-03
-1.1465E-03
-2.3645E-04
9.3545E-05
-4.9645E-04
1.5535E-03
8.3235E-03
1.1314E-02
8.7435E-03
1.0594E-02
4.4135E-03
-1.0565E-03
-1.5465E-03
-9.1465E-03
-1.1296E-02
-1.4446E-02
-2.1806E-02
-1.9916E-02
-2.1476E-02
-2.9546E-02
-3.0626E-02
-3.0446E-02
-2.9966E-02
-3.5256E-02
-4.1436E-02
-4.1286E-02
-4.9366E-02
-4.6286E-02
-3.8626E-02
-4.0686E-02
-4.0056E-02
-4.0206E-02
-3.6986E-02
-3.6316E-02
-3.2706E-02
-2.3816E-02
-1.8526E-02
-9.5665E-03
4.2435E-03
1.5124E-02
1.6334E-02
1.9914E-02
1.8774E-02
1.0264E-02
7.8335E-03
7.9355E-04
-1.3365E-03
2.6355E-04
-8.9645E-04
3.2355E-04
-7.7645E-04
8.3035E-03
1.2924E-02
8.5235E-03
1.0024E-02
9.5435E-03
9.7735E-03
1.4234E-02
2.2394E-02
2.3534E-02
2.4214E-02
3.0614E-02
2.9624E-02
2.9314E-02
2.5234E-02
1.6454E-02
1.1264E-02
3.4535E-03
-1.0265E-03
-6.5645E-04
-5.0065E-03
-1.1786E-02
-9.0565E-03
-4.7165E-03
-5.6665E-03
-1.4465E-03
-1.6165E-03
-7.6765E-03
-7.7965E-03
-4.7465E-03
-4.4645E-04
5.2835E-03
9.8435E-03
1.0194E-02
8.8935E-03
9.9835E-03
9.1435E-03
6.2435E-03
7.4435E-03
1.5094E-02
2.5694E-02
2.8954E-02
2.7714E-02
2.2794E-02
1.7984E-02
1.8554E-02
1.0524E-02
8.2835E-03
1.0414E-02
8.6935E-03
1.5084E-02
2.0024E-02
2.3224E-02
1.6614E-02
7.4135E-03
9.7635E-03
9.4335E-03
4.4735E-03
-2.8565E-03
-9.6365E-03
-1.1226E-02
-1.0446E-02
-1.0506E-02
-1.0716E-02
-1.0366E-02
-1.0826E-02
-1.0486E-02
-1.5416E-02
-2.1856E-02
-2.0376E-02
-2.0586E-02
-2.0816E-02
-1.9136E-02
-2.0146E-02
-2.2776E-02
-1.8856E-02
-7.8465E-03
-7.9065E-03
-6.7365E-03
7.6355E-04
4.1935E-03
1.1584E-02
2.0024E-02
2.9984E-02
4.0874E-02
4.8484E-02
5.5254E-02
5.9944E-02
6.0814E-02
6.4714E-02
6.6714E-02
6.1084E-02
5.6744E-02
5.1034E-02
4.7934E-02
5.0054E-02
4.8934E-02
4.9384E-02
4.9544E-02
4.8964E-02
5.4624E-02
5.9854E-02
5.9754E-02
5.3694E-02
4.4024E-02
3.1404E-02
1.8484E-02
7.6535E-03
-3.4365E-03
-8.8965E-03
-1.9996E-02
-3.9676E-02
-5.0586E-02
-5.1166E-02
-5.2256E-02
-5.5916E-02
-6.4506E-02
-7.2406E-02
-7.0456E-02
-7.0916E-02
-7.0546E-02
-7.1036E-02
-7.0606E-02
-7.6936E-02
-9.0986E-02
-9.2656E-02
-9.9416E-02
-9.7096E-02
-8.8996E-02
-9.1256E-02
-9.0566E-02
-9.0866E-02
-9.0666E-02
-9.0856E-02
-8.5786E-02
-7.9796E-02
-7.5766E-02
-6.9956E-02
-6.6786E-02
-6.5736E-02
-6.4066E-02
-6.0956E-02
-6.0126E-02
-6.2626E-02
-6.9416E-02
-7.1796E-02
-7.0536E-02
-7.0656E-02
-7.1236E-02
-6.9016E-02
-6.7156E-02
-6.9256E-02
-6.2456E-02
-5.4526E-02
-4.5746E-02
-3.7756E-02
-3.1046E-02
-1.5896E-02
-3.0765E-03
1.0364E-02
2.4074E-02
4.0074E-02
5.7834E-02
6.9814E-02
8.0904E-02
8.8064E-02
9.5254E-02
9.9694E-02
1.0414E-01
1.1026E-01
1.0912E-01
1.1387E-01
1.2177E-01
1.2776E-01
1.3031E-01
1.2850E-01
1.2953E-01
1.2411E-01
1.1804E-01
1.1431E-01
1.0202E-01
8.2864E-02
6.7074E-02
5.4814E-02
4.2524E-02
3.3464E-02
2.3214E-02
1.3244E-02
3.3135E-03
-8.1865E-03
-2.6716E-02
-4.8136E-02
-6.2386E-02
-7.5476E-02
-8.3806E-02
-9.4256E-02
-1.0438E-01
-1.0913E-01
-1.1077E-01
-1.0147E-01
-1.0008E-01
-1.0004E-01
-9.1546E-02
-8.8946E-02
-8.0856E-02
-6.9546E-02
-6.0156E-02
-4.4996E-02
-2.4166E-02
-5.2665E-03
5.4335E-03
1.4884E-02
2.0104E-02
1.9034E-02
1.4384E-02
8.0535E-03
9.0935E-03
9.4435E-03
1.0174E-02
2.3184E-02
3.5734E-02
4.5974E-02
6.0514E-02
6.8744E-02
6.9764E-02
6.7564E-02
5.8964E-02
4.4584E-02
3.1274E-02
1.8204E-02
4.2835E-03
-6.7465E-03
-1.2486E-02
-8.6765E-03
-7.4765E-03
-5.6265E-03
-4.2645E-04
4.2235E-03
1.0164E-02
9.0735E-03
1.4024E-02
2.1554E-02
3.4014E-02
5.1524E-02
6.3314E-02
8.0524E-02
9.7254E-02
1.1502E-01
1.3143E-01
1.4330E-01
1.5582E-01
1.6821E-01
1.7711E-01
1.8075E-01
1.8788E-01
1.9051E-01
1.8823E-01
1.8978E-01
1.8278E-01
1.6774E-01
1.5493E-01
1.3622E-01
1.1400E-01
9.5784E-02
7.3124E-02
4.8024E-02
3.1164E-02
1.3074E-02
-1.5265E-03
-1.2665E-03
-5.3065E-03
-8.6365E-03
-8.3765E-03
-1.1706E-02
-1.0736E-02
-1.0596E-02
-1.5766E-02
-2.3016E-02
-2.9706E-02
-3.6356E-02
-4.2776E-02
-4.9886E-02
-5.1296E-02
-5.0826E-02
-5.0536E-02
-5.2296E-02
-5.9416E-02
-6.3046E-02
-7.0636E-02
-8.1816E-02
-9.5116E-02
-1.0364E-01
-1.1553E-01
-1.3143E-01
-1.3288E-01
-1.3894E-01
-1.4718E-01
-1.5546E-01
-1.6867E-01
-1.8128E-01
-1.9567E-01
-2.0677E-01
-2.1631E-01
-2.1709E-01
-2.0346E-01
-1.8934E-01
-1.7519E-01
-1.4922E-01
-1.2179E-01
-9.4126E-02
-6.4296E-02
-4.3496E-02
-2.1096E-02
-1.3965E-03
1.3064E-02
2.6714E-02
3.4124E-02
4.6964E-02
6.0064E-02
7.0454E-02
7.8694E-02
8.1264E-02
8.8064E-02
9.0144E-02
8.9074E-02
8.4624E-02
7.3654E-02
6.2284E-02
4.8224E-02
3.5144E-02
2.1524E-02
1.0044E-02
3.1835E-03
-5.2465E-03
-1.8726E-02
-2.9306E-02
-3.7076E-02
-3.9186E-02
-3.3896E-02
-3.6246E-02
-3.0496E-02
-2.1216E-02
-1.8506E-02
-1.1056E-02
-1.2765E-03
1.1314E-02
1.7014E-02
1.6584E-02
2.3614E-02
3.6054E-02
3.9924E-02
4.4344E-02
5.0464E-02
5.0674E-02
5.8234E-02
6.0504E-02
5.8964E-02
5.9904E-02
5.9324E-02
6.2884E-02
6.3294E-02
6.7064E-02
7.5814E-02
8.4454E-02
9.5724E-02
1.0608E-01
1.2184E-01
1.3342E-01
1.2965E-01
1.2942E-01
1.2828E-01
1.1940E-01
1.0286E-01
7.2954E-02
4.3984E-02
2.2034E-02
5.4335E-03
-1.3476E-02
-3.1456E-02
-4.5446E-02
-5.3546E-02
-5.3586E-02
-6.4736E-02
-7.3806E-02
-7.8136E-02
-8.2116E-02
-8.3946E-02
-9.2096E-02
-8.9956E-02
-9.0296E-02
-8.9506E-02
-8.2256E-02
-8.8856E-02
-9.2206E-02
-1.0031E-01
-1.0978E-01
-1.1236E-01
-1.1747E-01
-1.1858E-01
-1.2859E-01
-1.3193E-01
-1.3066E-01
-1.3955E-01
-1.4107E-01
-1.4438E-01
-1.5307E-01
-1.5730E-01
-1.5746E-01
-1.6431E-01
-1.7197E-01
-1.6989E-01
-1.7032E-01
-1.7374E-01
-1.7229E-01
-1.6948E-01
-1.6579E-01
-1.5792E-01
-1.5145E-01
-1.4496E-01
-1.3792E-01
-1.3173E-01
-1.2451E-01
-1.1844E-01
-1.1131E-01
-1.0938E-01
-1.0922E-01
-1.0123E-01
-9.4716E-02
-8.3436E-02
-6.2736E-02
-4.8466E-02
-3.1226E-02
-4.1565E-03
1.1354E-02
2.5204E-02
4.4794E-02
5.7194E-02
7.0734E-02
7.9354E-02
8.5274E-02
9.5104E-02
1.0690E-01
1.2075E-01
1.3511E-01
1.5507E-01
1.6576E-01
1.7801E-01
1.9342E-01
1.9577E-01
2.0422E-01
2.1656E-01
2.2008E-01
2.2622E-01
2.3927E-01
2.4119E-01
2.4378E-01
2.5136E-01
2.4512E-01
2.3314E-01
2.1485E-01
1.9220E-01
1.6920E-01
1.4818E-01
1.3082E-01
1.1365E-01
9.9364E-02
8.9994E-02
8.9934E-02
8.5284E-02
7.9244E-02
7.8684E-02
7.1494E-02
6.4444E-02
5.4934E-02
4.3014E-02
2.5034E-02
4.7035E-03
-5.7865E-03
-1.9786E-02
-3.3316E-02
-4.1676E-02
-5.2286E-02
-6.5116E-02
-7.1226E-02
-6.9706E-02
-6.9926E-02
-6.9966E-02
-6.9816E-02
-6.9926E-02
-6.8676E-02
-6.0046E-02
-4.9046E-02
-3.6356E-02
-2.3436E-02
-1.8266E-02
-1.0906E-02
-1.0586E-02
-1.8386E-02
-2.5476E-02
-3.0176E-02
-3.0286E-02
-2.8246E-02
-2.0326E-02
-8.8865E-03
3.7835E-03
1.8634E-02
3.9424E-02
5.0504E-02
5.4904E-02
6.1244E-02
6.1054E-02
6.4544E-02
5.4234E-02
3.9264E-02
2.5194E-02
5.5535E-03
-8.4265E-03
-3.1806E-02
-4.8606E-02
-5.9346E-02
-7.1086E-02
-7.9576E-02
-8.9396E-02
-9.0326E-02
-9.3906E-02
-1.0093E-01
-9.8366E-02
-9.1186E-02
-8.7586E-02
-7.5916E-02
-5.7776E-02
-4.6376E-02
-3.2116E-02
-1.6106E-02
1.0235E-03
1.3214E-02
1.8694E-02
2.5844E-02
3.1904E-02
3.9184E-02
4.1064E-02
4.4464E-02
5.1484E-02
5.0304E-02
5.4724E-02
6.5944E-02
7.5514E-02
8.5734E-02
9.1314E-02
8.8894E-02
8.2124E-02
7.3414E-02
6.0494E-02
4.5944E-02
3.7974E-02
2.7454E-02
1.4064E-02
9.9335E-03
1.0174E-02
1.4974E-02
2.2354E-02
2.8934E-02
3.1274E-02
3.0194E-02
3.3734E-02
3.7184E-02
4.0304E-02
3.6444E-02
2.7934E-02
2.1104E-02
9.5935E-03
1.5835E-03
-1.6565E-03
-3.1965E-03
1.2355E-04
5.4335E-03
1.1984E-02
2.0624E-02
2.9254E-02
3.6044E-02
4.0644E-02
4.2944E-02
3.2864E-02
1.5894E-02
3.5535E-03
-1.4296E-02
-3.1076E-02
-3.8516E-02
-4.0106E-02
-3.5146E-02
-2.2866E-02
-1.0426E-02
-4.0165E-03
7.9355E-04
8.7355E-04
-2.6455E-05
-3.5365E-03
-1.5146E-02
-2.4676E-02
-3.4766E-02
-4.4886E-02
-5.1366E-02
-5.7036E-02
-5.4906E-02
-5.1016E-02
-4.7626E-02
-4.1076E-02
-3.1286E-02
-2.1686E-02
-2.4346E-02
-2.9546E-02
-3.4676E-02
-3.9606E-02
-4.5806E-02
-5.8036E-02
-6.5466E-02
-6.8186E-02
-6.1916E-02
-5.7806E-02
-6.1616E-02
-6.8376E-02
-7.9316E-02
-8.4106E-02
-9.1446E-02
-9.8006E-02
-1.0132E-01
-1.0799E-01
-1.1443E-01
-1.2476E-01
-1.3018E-01
-1.3274E-01
-1.3059E-01
-1.1596E-01
-1.0215E-01
-8.5186E-02
-6.4416E-02
-4.9686E-02
-2.9836E-02
-2.3465E-03
1.8534E-02
4.4514E-02
7.6064E-02
9.4824E-02
1.0680E-01
1.1093E-01
1.1519E-01
1.1996E-01
1.1248E-01
1.0497E-01
9.9224E-02
9.1664E-02
8.5604E-02
7.4394E-02
5.5814E-02
3.9454E-02
3.1374E-02
3.0174E-02
3.0514E-02
3.5044E-02
4.2444E-02
5.0334E-02
6.4094E-02
8.0694E-02
9.7624E-02
1.1199E-01
1.3045E-01
1.4566E-01
1.5046E-01
1.5525E-01
1.5071E-01
1.5417E-01
1.6108E-01
1.5151E-01
1.5016E-01
1.4637E-01
1.3964E-01
1.3974E-01
1.3514E-01
1.3665E-01
1.3636E-01
1.3021E-01
1.3018E-01
1.3539E-01
1.4096E-01
1.4539E-01
1.5098E-01
1.5531E-01
1.6214E-01
1.6928E-01
1.7005E-01
1.6105E-01
1.4704E-01
1.3254E-01
1.0797E-01
7.9714E-02
5.5134E-02
3.6054E-02
2.5044E-02
1.5494E-02
5.5335E-03
-4.4165E-03
-1.1496E-02
-1.7496E-02
-2.4806E-02
-2.9686E-02
-3.4046E-02
-4.1066E-02
-5.2246E-02
-6.5096E-02
-7.4436E-02
-8.1156E-02
-8.8026E-02
-9.4216E-02
-1.0452E-01
-1.1336E-01
-1.2041E-01
-1.3432E-01
-1.4171E-01
-1.4853E-01
-1.5867E-01
-1.6123E-01
-1.6711E-01
-1.6981E-01
-1.5905E-01
-1.5079E-01
-1.4406E-01
-1.3586E-01
-1.3246E-01
-1.3057E-01
-1.3859E-01
-1.4984E-01
-1.6773E-01
-1.9545E-01
-2.1448E-01
-2.3424E-01
-2.4641E-01
-2.4718E-01
-2.4916E-01
-2.3860E-01
-2.1778E-01
-2.0170E-01
-1.8536E-01
-1.6399E-01
-1.4553E-01
-1.3678E-01
-1.3569E-01
-1.4315E-01
-1.5508E-01
-1.5955E-01
-1.5993E-01
-1.5353E-01
-1.3855E-01
-1.1620E-01
-9.0836E-02
-7.0576E-02
-5.2416E-02
-4.3076E-02
-3.5206E-02
-2.8066E-02
-2.5456E-02
-1.7406E-02
-1.2116E-02
-1.3826E-02
-1.7716E-02
-2.0016E-02
-1.5116E-02
-8.5965E-03
-1.3606E-02
-2.0156E-02
-2.3616E-02
-3.0006E-02
-2.9716E-02
-2.7596E-02
-1.6486E-02
1.3714E-02
4.2594E-02
7.1154E-02
1.0569E-01
1.3595E-01
1.6420E-01
1.8652E-01
2.0096E-01
2.0982E-01
2.1127E-01
2.1460E-01
2.2665E-01
2.3956E-01
2.4157E-01
2.4009E-01
2.3661E-01
2.2019E-01
1.9043E-01
1.5115E-01
1.1061E-01
7.1904E-02
3.9934E-02
1.5174E-02
-2.3265E-03
-6.8265E-03
-8.9765E-03
-1.0016E-02
-1.0216E-02
-2.1816E-02
-3.6496E-02
-5.3096E-02
-7.9036E-02
-1.0464E-01
-1.2361E-01
-1.3482E-01
-1.4418E-01
-1.4908E-01
-1.3609E-01
-1.1317E-01
-8.6786E-02
-6.7376E-02
-6.0136E-02
-4.8926E-02
-3.6666E-02
-1.9676E-02
-3.6965E-03
7.3835E-03
3.3214E-02
5.6274E-02
8.0244E-02
1.0611E-01
1.1096E-01
1.1857E-01
1.2395E-01
1.0893E-01
8.4404E-02
5.7234E-02
3.6394E-02
1.9374E-02
-4.5165E-03
-3.7496E-02
-6.5136E-02
-8.8586E-02
-1.1051E-01
-1.1866E-01
-1.1988E-01
-1.1926E-01
-1.1552E-01
-1.0331E-01
-8.9716E-02
-7.3936E-02
-5.1056E-02
-3.4056E-02
-1.6436E-02
7.0355E-04
1.7864E-02
4.2884E-02
7.0674E-02
1.0058E-01
1.4083E-01
1.8796E-01
2.3107E-01
2.6868E-01
3.0073E-01
3.2795E-01
3.3447E-01
3.2975E-01
3.2522E-01
3.0700E-01
2.8086E-01
2.5180E-01
2.1933E-01
1.8750E-01
1.6468E-01
1.5034E-01
1.4336E-01
1.2927E-01
9.9864E-02
6.1084E-02
1.2804E-02
-3.3626E-02
-7.8286E-02
-1.0888E-01
-1.3562E-01
-1.7271E-01
-1.9566E-01
-2.0911E-01
-2.2019E-01
-2.2739E-01
-2.3216E-01
-2.3759E-01
-2.5422E-01
-2.6964E-01
-2.8333E-01
-2.9911E-01
-2.9490E-01
-2.7979E-01
-2.6499E-01
-2.4553E-01
-2.2439E-01
-2.0929E-01
-2.0063E-01
-1.9948E-01
-2.0797E-01
-2.0012E-01
-1.9329E-01
-1.9592E-01
-1.7461E-01
-1.4493E-01
-1.1187E-01
-6.4316E-02
-1.1536E-02
4.4504E-02
9.8334E-02
1.3983E-01
1.6908E-01
1.8654E-01
1.9428E-01
1.8901E-01
1.7823E-01
1.7124E-01
1.6086E-01
1.4649E-01
1.3037E-01
1.2033E-01
1.1208E-01
1.0533E-01
9.5424E-02
7.6244E-02
5.9014E-02
3.4524E-02
-3.8645E-04
-3.6656E-02
-6.6506E-02
-9.1886E-02
-1.1089E-01
-1.2212E-01
-1.3472E-01
-1.4031E-01
-1.3933E-01
-1.3857E-01
-1.3046E-01
-1.1641E-01
-1.0341E-01
-8.5686E-02
-6.9086E-02
-6.0546E-02
-6.0036E-02
-6.8426E-02
-7.9496E-02
-8.6986E-02
-8.2466E-02
-7.7066E-02
-7.2156E-02
-6.5246E-02
-6.7266E-02
-7.0126E-02
-6.8336E-02
-6.1606E-02
-5.8406E-02
-5.5976E-02
-4.7576E-02
-4.1486E-02
-3.3576E-02
-1.5096E-02
1.4204E-02
4.8654E-02
8.8994E-02
1.2449E-01
1.4443E-01
1.5586E-01
1.6200E-01
1.6856E-01
1.7041E-01
1.6130E-01
1.5071E-01
1.4198E-01
1.4060E-01
1.4975E-01
1.6023E-01
1.6916E-01
1.7417E-01
1.7291E-01
1.6497E-01
1.5084E-01
1.3667E-01
1.1245E-01
8.5234E-02
6.2494E-02
3.2424E-02
1.5624E-02
1.4774E-02
1.9784E-02
2.8784E-02
3.1584E-02
3.0064E-02
3.0664E-02
2.8404E-02
9.7535E-03
-1.5736E-02
-4.1486E-02
-6.3686E-02
-7.8676E-02
-9.4226E-02
-1.0071E-01
-9.5146E-02
-8.5266E-02
-7.4686E-02
-6.6026E-02
-6.6636E-02
-7.0326E-02
-6.9266E-02
-6.5656E-02
-5.7906E-02
-5.0466E-02
-3.9846E-02
-2.9776E-02
-2.0096E-02
-1.0636E-02
-8.9965E-03
-1.0466E-02
-1.7386E-02
-2.0456E-02
-1.9136E-02
-1.9746E-02
-1.9266E-02
-1.9896E-02
-2.2936E-02
-3.5326E-02
-4.5846E-02
-5.6766E-02
-6.8846E-02
-7.4796E-02
-8.8956E-02
-9.9376E-02
-1.1280E-01
-1.2880E-01
-1.3419E-01
-1.3978E-01
-1.3987E-01
-1.3921E-01
-1.3852E-01
-1.2682E-01
-1.0129E-01
-7.5006E-02
-5.5026E-02
-3.5616E-02
-1.4206E-02
1.1284E-02
2.6904E-02
3.4464E-02
4.2314E-02
4.9544E-02
5.9004E-02
6.8364E-02
7.7984E-02
8.8694E-02
9.1604E-02
9.4014E-02
1.0797E-01
1.1483E-01
1.1856E-01
1.2649E-01
1.2859E-01
1.2984E-01
1.2602E-01
1.2066E-01
1.1475E-01
1.0007E-01
8.4134E-02
6.7164E-02
4.6454E-02
2.6424E-02
7.5335E-03
-4.8465E-03
-1.3626E-02
-2.0496E-02
-2.3206E-02
-3.4876E-02
-4.7956E-02
-5.1526E-02
-5.7816E-02
-6.8386E-02
-7.0216E-02
-6.9036E-02
-7.0096E-02
-6.8806E-02
-7.4996E-02
-8.5256E-02
-9.9926E-02
-1.1101E-01
-1.0855E-01
-9.5886E-02
-6.7676E-02
-3.9726E-02
-2.0165E-03
4.2014E-02
7.0814E-02
1.0597E-01
1.4151E-01
1.7671E-01
2.2294E-01
2.6453E-01
2.9345E-01
3.1006E-01
3.1141E-01
3.0618E-01
2.9571E-01
2.7782E-01
2.6727E-01
2.5132E-01
2.3315E-01
2.2187E-01
2.0755E-01
1.9865E-01
1.9250E-01
1.8863E-01
1.7448E-01
1.4492E-01
1.1396E-01
7.2044E-02
2.4594E-02
-2.2336E-02
-7.6626E-02
-1.2573E-01
-1.6807E-01
-2.0498E-01
-2.3195E-01
-2.5928E-01
-2.7726E-01
-2.8413E-01
-2.8721E-01
-2.8209E-01
-2.7467E-01
-2.6558E-01
-2.5384E-01
-2.3667E-01
-2.1539E-01
-1.9674E-01
-1.8336E-01
-1.6679E-01
-1.4897E-01
-1.3655E-01
-1.1475E-01
-9.1866E-02
-7.4186E-02
-5.2536E-02
-3.5646E-02
-2.9146E-02
-2.8766E-02
-3.1076E-02
-3.2786E-02
-3.0546E-02
-2.4826E-02
-1.9536E-02
-1.4196E-02
2.8235E-03
2.3864E-02
3.1504E-02
3.0654E-02
3.0324E-02
3.0724E-02
3.0304E-02
3.3404E-02
3.3264E-02
3.0594E-02
3.5544E-02
3.8584E-02
4.2774E-02
5.3114E-02
6.3164E-02
7.6004E-02
8.9594E-02
9.9254E-02
1.0115E-01
1.0022E-01
9.9784E-02
9.2644E-02
9.0654E-02
9.9234E-02
1.1642E-01
1.3689E-01
1.5418E-01
1.7903E-01
1.9402E-01
1.9224E-01
1.9751E-01
2.0191E-01
1.9979E-01
2.0459E-01
2.1059E-01
2.1193E-01
2.1763E-01
2.2556E-01
2.3018E-01
2.3013E-01
2.1883E-01
2.0536E-01
1.9550E-01
1.7742E-01
1.5670E-01
1.3333E-01
1.0527E-01
7.8304E-02
4.3564E-02
4.5135E-03
-3.2146E-02
-6.8326E-02
-1.0637E-01
-1.4190E-01
-1.6329E-01
-1.7050E-01
-1.6880E-01
-1.6095E-01
-1.4640E-01
-1.2637E-01
-1.0469E-01
-7.7996E-02
-4.2416E-02
-6.9465E-03
2.3904E-02
4.8184E-02
6.3714E-02
7.4944E-02
8.5564E-02
1.0329E-01
1.2380E-01
1.4409E-01
1.5544E-01
1.5391E-01
1.5158E-01
1.4182E-01
1.3052E-01
1.2069E-01
9.8724E-02
6.7784E-02
3.8614E-02
1.5954E-02
-1.7465E-03
-1.9496E-02
-3.8446E-02
-4.9096E-02
-5.2306E-02
-5.7596E-02
-6.6176E-02
-7.5116E-02
-7.5606E-02
-6.9876E-02
-6.8936E-02
-6.6376E-02
-5.5486E-02
-4.8836E-02
-4.8936E-02
-4.0966E-02
-3.4906E-02
-3.5576E-02
-2.9816E-02
-2.8936E-02
-3.0266E-02
-2.9996E-02
-3.8506E-02
-4.8786E-02
-6.2586E-02
-8.1866E-02
-9.4916E-02
-1.0337E-01
-1.1424E-01
-1.2355E-01
-1.3396E-01
-1.4024E-01
-1.4064E-01
-1.4716E-01
-1.5068E-01
-1.4846E-01
-1.4152E-01
-1.3109E-01
-1.2900E-01
-1.2989E-01
-1.2957E-01
-1.2978E-01
-1.2969E-01
-1.2963E-01
-1.2974E-01
-1.2609E-01
-1.1929E-01
-1.1593E-01
-1.0775E-01
-9.7076E-02
-9.0026E-02
-8.1896E-02
-7.8716E-02
-8.0976E-02
-8.6876E-02
-9.1066E-02
-8.9136E-02
-8.9996E-02
-8.6096E-02
-7.4796E-02
-6.0126E-02
-3.9746E-02
-2.0956E-02
-1.5665E-03
1.4584E-02
2.4914E-02
3.0334E-02
3.4274E-02
4.1244E-02
4.8784E-02
5.8674E-02
6.1694E-02
6.8634E-02
8.3024E-02
1.0668E-01
1.3322E-01
1.4676E-01
1.6809E-01
1.7557E-01
1.7110E-01
1.7382E-01
1.6563E-01
1.5977E-01
1.5753E-01
1.4975E-01
1.3708E-01
1.2068E-01
9.8124E-02
7.2424E-02
4.6464E-02
1.8804E-02
-4.4365E-03
-3.0376E-02
-5.3156E-02
-6.5356E-02
-7.8416E-02
-8.8736E-02
-8.9286E-02
-8.2786E-02
-7.4796E-02
-6.6796E-02
-5.1736E-02
-3.8516E-02
-3.1066E-02
-2.1746E-02
-1.8166E-02
-1.1916E-02
-1.4965E-03
8.7355E-04
-3.7365E-03
-9.9765E-03
-1.0516E-02
-9.4565E-03
-1.0366E-02
-8.6665E-03
-2.9165E-03
3.8035E-03
-5.9645E-04
-1.2016E-02
-1.2016E-02
-1.4956E-02
-2.1456E-02
-2.0316E-02
-2.8476E-02
-3.6466E-02
-4.6846E-02
-6.7096E-02
-7.9936E-02
-8.4316E-02
-8.0856E-02
-7.9136E-02
-8.0596E-02
-7.6086E-02
-7.0096E-02
-6.9366E-02
-7.0626E-02
-6.9556E-02
-7.3926E-02
-7.9986E-02
-8.0806E-02
-8.2936E-02
-9.4306E-02
-9.8666E-02
-8.9176E-02
-8.3806E-02
-7.2606E-02
-5.6526E-02
-3.7166E-02
-1.2676E-02
3.2335E-03
2.2364E-02
3.9724E-02
4.8724E-02
5.8154E-02
6.0574E-02
5.6294E-02
4.8774E-02
4.2254E-02
3.9014E-02
4.0714E-02
4.3874E-02
4.0324E-02
3.9414E-02
3.6594E-02
2.9384E-02
2.9524E-02
2.6544E-02
1.5894E-02
5.0335E-03
-9.5465E-03
-2.6106E-02
-3.2786E-02
-4.0506E-02
-5.8656E-02
-7.4936E-02
-9.0106E-02
-1.0666E-01
-1.2358E-01
-1.3927E-01
-1.5127E-01
-1.5660E-01
-1.5239E-01
-1.4878E-01
-1.4329E-01
-1.3628E-01
-1.3457E-01
-1.2930E-01
-1.2315E-01
-1.1475E-01
-1.0586E-01
-9.7356E-02
-7.8506E-02
-5.6096E-02
-3.4156E-02
-1.9796E-02
-1.2096E-02
-2.8465E-03
-7.5365E-03
-2.2596E-02
-3.5056E-02
-5.2746E-02
-6.9546E-02
-8.3126E-02
-9.8386E-02
-1.0526E-01
-1.1079E-01
-1.1841E-01
-1.2007E-01
-1.1177E-01
-9.7146E-02
-9.1906E-02
-8.5726E-02
-7.2126E-02
-5.7636E-02
-3.8146E-02
-1.6556E-02
9.2835E-03
3.7034E-02
6.5334E-02
9.6604E-02
1.2239E-01
1.4174E-01
1.5065E-01
1.4614E-01
1.3513E-01
1.2086E-01
1.1031E-01
1.0080E-01
9.1224E-02
8.5434E-02
7.5964E-02
6.8904E-02
6.9274E-02
6.9604E-02
6.9364E-02
7.2074E-02
7.4964E-02
7.1864E-02
6.8694E-02
6.9644E-02
6.9354E-02
6.9344E-02
6.9554E-02
6.5804E-02
5.8694E-02
5.1514E-02
4.8944E-02
4.9194E-02
5.2214E-02
5.5544E-02
5.9824E-02
6.6984E-02
7.4244E-02
8.7604E-02
1.0183E-01
1.2161E-01
1.3875E-01
1.4975E-01
1.6829E-01
1.7299E-01
1.7506E-01
1.8122E-01
1.7845E-01
1.7966E-01
1.7929E-01
1.7893E-01
1.7896E-01
1.6821E-01
1.5523E-01
1.4187E-01
1.2491E-01
1.0697E-01
8.9484E-02
7.3084E-02
6.0244E-02
5.4574E-02
3.8014E-02
1.6964E-02
1.1835E-03
-2.2826E-02
-4.0066E-02
-5.2336E-02
-6.1526E-02
-6.4606E-02
-7.0466E-02
-7.5016E-02
-8.0946E-02
-8.9636E-02
-9.5786E-02
-9.9726E-02
-1.0805E-01
-1.1299E-01
-1.1799E-01
-1.2934E-01
-1.3148E-01
-1.3070E-01
-1.3115E-01
-1.3052E-01
-1.3126E-01
-1.2816E-01
-1.2721E-01
-1.2777E-01
-1.3061E-01
-1.4183E-01
-1.5555E-01
-1.6992E-01
-1.8337E-01
-1.8922E-01
-1.8388E-01
-1.8024E-01
-1.7785E-01
-1.7087E-01
-1.7057E-01
-1.7195E-01
-1.7762E-01
-1.8228E-01
-1.7738E-01
-1.6967E-01
-1.5668E-01
-1.4272E-01
-1.2518E-01
-1.0275E-01
-8.0056E-02
-5.7556E-02
-3.5916E-02
-1.8396E-02
-1.0886E-02
-1.0986E-02
-1.8326E-02
-2.1876E-02
-2.0796E-02
-2.0536E-02
-1.3966E-02
-7.1765E-03
2.0235E-03
1.0044E-02
1.9054E-02
3.3024E-02
4.2174E-02
5.2374E-02
6.2924E-02
8.0404E-02
1.0152E-01
1.1102E-01
1.2244E-01
1.3969E-01
1.5333E-01
1.6685E-01
1.7673E-01
1.8043E-01
1.8243E-01
1.8001E-01
1.7747E-01
1.7246E-01
1.6759E-01
1.6843E-01
1.6222E-01
1.5441E-01
1.4895E-01
1.3811E-01
1.2787E-01
1.2139E-01
1.1831E-01
1.1859E-01
1.1904E-01
1.1564E-01
1.0616E-01
9.7554E-02
9.4344E-02
9.1044E-02
8.8374E-02
8.8824E-02
8.8704E-02
8.5914E-02
7.6034E-02
6.8204E-02
7.0324E-02
6.5414E-02
5.4284E-02
4.8964E-02
4.7734E-02
3.9404E-02
2.4814E-02
1.5814E-02
8.4935E-03
8.2435E-03
6.3935E-03
-1.7165E-03
-1.2065E-03
-4.2665E-03
-8.7865E-03
-8.5265E-03
-1.1476E-02
-1.1646E-02
-1.0786E-02
-1.1806E-02
-1.0796E-02
-1.4466E-02
-2.0856E-02
-2.1986E-02
-2.0916E-02
-2.1416E-02
-2.0686E-02
-1.4646E-02
-7.5865E-03
1.3035E-03
8.9335E-03
9.1335E-03
5.6535E-03
-8.9645E-04
-2.1365E-03
-3.4265E-03
-1.1646E-02
-1.1536E-02
-1.1676E-02
-1.5356E-02
-1.2206E-02
-1.3066E-02
-1.4716E-02
-1.0266E-02
-4.6565E-03
2.2135E-03
1.1244E-02
1.9434E-02
2.3954E-02
2.9114E-02
2.6514E-02
2.0384E-02
2.5404E-02
2.9294E-02
3.1424E-02
3.8294E-02
3.8854E-02
3.1814E-02
2.7294E-02
2.2374E-02
1.4864E-02
8.5735E-03
1.1035E-03
-8.9565E-03
-1.9446E-02
-2.8226E-02
-3.5406E-02
-4.0956E-02
-4.8716E-02
-4.9226E-02
-4.1746E-02
-4.0676E-02
-4.4266E-02
-5.0956E-02
-5.1956E-02
-5.1036E-02
-5.1586E-02
-5.1086E-02
-5.0556E-02
-4.1206E-02
-3.6386E-02
-3.2056E-02
-2.3566E-02
-1.4036E-02
-3.7765E-03
-2.6645E-04
5.1235E-03
9.8735E-03
1.5184E-02
1.9784E-02
2.7774E-02
3.9504E-02
4.8844E-02
6.5364E-02
7.9614E-02
8.8344E-02
8.9864E-02
8.7184E-02
8.2734E-02
6.8284E-02
5.5834E-02
4.3464E-02
2.6354E-02
1.5484E-02
6.4235E-03
-4.2365E-03
-1.1626E-02
-2.0126E-02
-2.8646E-02
-3.7106E-02
-5.1886E-02
-6.8576E-02
-7.9296E-02
-9.1276E-02
-1.0840E-01
-1.1912E-01
-1.1938E-01
-1.1136E-01
-1.0440E-01
-9.8306E-02
-9.1436E-02
-9.0486E-02
-8.5376E-02
-7.9496E-02
-7.5236E-02
-6.3356E-02
-5.4486E-02
-4.7916E-02
-4.1706E-02
-4.0336E-02
-3.5356E-02
-2.7826E-02
-2.2276E-02
-2.6566E-02
-3.2866E-02
-3.0656E-02
-3.1676E-02
-3.0486E-02
-2.5056E-02
-1.1226E-02
5.7535E-03
1.8874E-02
3.4854E-02
3.6664E-02
3.6764E-02
3.9884E-02
3.8644E-02
4.2614E-02
4.0314E-02
3.7784E-02
3.9294E-02
3.8514E-02
3.9294E-02
4.4714E-02
4.9824E-02
4.8774E-02
4.8034E-02
4.3544E-02
3.6864E-02
4.3414E-02
4.5644E-02
3.7984E-02
3.9214E-02
4.4974E-02
5.8314E-02
6.7204E-02
6.5914E-02
6.8784E-02
6.9364E-02
6.5654E-02
5.3614E-02
4.0784E-02
3.8914E-02
4.2714E-02
4.6364E-02
5.1494E-02
6.0524E-02
7.1424E-02
7.9034E-02
8.5164E-02
9.0094E-02
8.8314E-02
8.9084E-02
8.0414E-02
6.8254E-02
5.9854E-02
4.2514E-02
2.8724E-02
1.1014E-02
-5.1265E-03
-1.8806E-02
-3.8456E-02
-5.0516E-02
-6.3436E-02
-7.7876E-02
-8.7866E-02
-9.8816E-02
-1.0740E-01
-1.2084E-01
-1.3676E-01
-1.4763E-01
-1.6526E-01
-1.8126E-01
-1.8727E-01
-1.8762E-01
-1.8230E-01
-1.7159E-01
-1.6073E-01
-1.4589E-01
-1.2024E-01
-9.5466E-02
-7.5546E-02
-6.0396E-02
-4.3026E-02
-2.1556E-02
-1.9665E-03
1.5724E-02
2.9114E-02
4.4574E-02
5.9364E-02
6.8724E-02
7.6464E-02
8.2854E-02
8.1514E-02
7.7554E-02
7.9634E-02
7.0814E-02
5.2734E-02
4.1714E-02
3.2634E-02
2.6204E-02
1.7864E-02
9.0635E-03
6.3835E-03
-5.3165E-03
-1.5236E-02
-1.9306E-02
-2.7926E-02
-3.1326E-02
-3.6646E-02
-4.3736E-02
-5.1826E-02
-6.1106E-02
-6.0836E-02
-6.0906E-02
-5.8946E-02
-5.6896E-02
-6.0846E-02
-5.5436E-02
-4.8896E-02
-4.7416E-02
-4.3026E-02
-4.0586E-02
-3.8556E-02
-2.9116E-02
-1.5016E-02
-1.4165E-03
1.1424E-02
2.5284E-02
3.6284E-02
4.0594E-02
4.2754E-02
4.1364E-02
3.6524E-02
3.0174E-02
2.2904E-02
1.3214E-02
8.1535E-03
9.5635E-03
5.7235E-03
7.5835E-03
1.0534E-02
8.8735E-03
9.9335E-03
9.0835E-03
9.8735E-03
7.6035E-03
4.0235E-03
5.1355E-04
8.0355E-04
9.2635E-03
1.5474E-02
2.2424E-02
2.8834E-02
3.5774E-02
4.0384E-02
3.9584E-02
3.9604E-02
3.9824E-02
4.3124E-02
4.1604E-02
3.8624E-02
4.0004E-02
4.1074E-02
4.5324E-02
4.8624E-02
5.0074E-02
4.9784E-02
4.9704E-02
5.5124E-02
6.2534E-02
6.8724E-02
7.2464E-02
7.8514E-02
8.6324E-02
9.0334E-02
9.5374E-02
1.0197E-01
1.0556E-01
1.0439E-01
1.0517E-01
1.0134E-01
9.0044E-02
8.3574E-02
7.2054E-02
5.9414E-02
5.3524E-02
4.4164E-02
3.2454E-02
2.4574E-02
1.2384E-02
5.7235E-03
-4.4165E-03
-2.6276E-02
-3.6976E-02
-5.3766E-02
-7.5626E-02
-9.0426E-02
-1.0306E-01
-1.1954E-01
-1.2022E-01
-1.3032E-01
-1.1345E-01
-3.3826E-02
-4.9866E-02
-8.6536E-02
-7.0896E-02
-8.7776E-02
-8.2126E-02
-7.2606E-02
-7.0726E-02
-6.8186E-02
-7.1296E-02
-6.3776E-02
-5.7826E-02
-5.5926E-02
-5.8436E-02
-5.5086E-02
-5.0076E-02
-5.0246E-02
-4.7486E-02
-4.1516E-02
-3.6756E-02
-3.1566E-02
-2.8236E-02
-2.6816E-02
-2.2236E-02
-1.4646E-02
-8.4265E-03
-9.7465E-03
-9.9265E-03
-4.3065E-03
9.7355E-04
2.2235E-03
1.0144E-02
2.2574E-02
3.0644E-02
4.7124E-02
6.2264E-02
7.1934E-02
8.6684E-02
9.0774E-02
8.8654E-02
9.1734E-02
8.8044E-02
8.1924E-02
7.7754E-02
7.1904E-02
6.9334E-02
7.0754E-02
6.9084E-02
5.9674E-02
5.0894E-02
4.4604E-02
3.9744E-02
3.5394E-02
2.9514E-02
3.0414E-02
3.0754E-02
3.0164E-02
3.0964E-02
3.0014E-02
3.0954E-02
2.5314E-02
1.8294E-02
1.0124E-02
-4.8645E-04
-1.0476E-02
-1.7716E-02
-1.6066E-02
-2.3946E-02
-3.1426E-02
-2.8396E-02
-3.0136E-02
-2.8766E-02
-2.9726E-02
-2.9216E-02
-2.9336E-02
-3.1776E-02
-2.8286E-02
-3.7966E-02
-4.0416E-02
-4.0186E-02
-4.7226E-02
-4.5866E-02
-5.4066E-02
-6.0826E-02
-6.2346E-02
-6.1516E-02
-5.8276E-02
-5.4656E-02
-4.6826E-02
-4.0336E-02
-3.6916E-02
-2.9546E-02
-1.4046E-02
-6.8165E-03
4.6335E-03
7.8335E-03
9.1355E-04
9.5735E-03
1.3544E-02
1.8724E-02
2.2604E-02
1.9964E-02
2.1304E-02
2.0824E-02
1.7324E-02
2.0174E-02
2.5724E-02
2.0844E-02
2.0254E-02
2.1784E-02
2.0284E-02
2.6164E-02
3.1734E-02
3.1104E-02
3.0904E-02
2.9774E-02
2.2164E-02
1.5534E-02
8.9835E-03
2.2735E-03
1.4355E-04
1.3935E-03
9.6355E-04
9.4355E-04
1.2535E-03
-2.6865E-03
-5.2765E-03
-1.0806E-02
-1.2806E-02
-1.2256E-02
-1.0956E-02
-7.9965E-03
-1.3766E-02
-1.7626E-02
-2.5256E-02
-3.0726E-02
-3.2736E-02
-4.0116E-02
-3.8766E-02
-3.8636E-02
-3.8026E-02
-3.2936E-02
-3.0676E-02
-2.2276E-02
-1.2636E-02
-1.4886E-02
-1.9006E-02
-2.0376E-02
-2.7056E-02
-3.4576E-02
-3.7936E-02
-3.3756E-02
-2.9836E-02
-2.4026E-02
-1.7476E-02
-1.7866E-02
-1.0016E-02
-7.6565E-03
-8.2365E-03
-8.3645E-04
-1.1316E-02
-2.5006E-02
-3.0746E-02
-3.7086E-02
-4.4276E-02
-4.8006E-02
-4.6026E-02
-5.7086E-02
-6.3476E-02
-6.5786E-02
-7.9156E-02
-8.8986E-02
-1.0373E-01
-1.1957E-01
-1.2944E-01
-1.3416E-01
-1.4169E-01
-1.4992E-01
-1.4873E-01
-1.4833E-01
-1.4875E-01
-1.4426E-01
-1.3756E-01
-1.4195E-01
-1.3995E-01
-1.3209E-01
-1.2956E-01
-1.1455E-01
-1.0173E-01
-8.3696E-02
-6.7026E-02
-5.4116E-02
-3.3876E-02
-2.1576E-02
-4.8765E-03
7.7535E-03
1.9494E-02
2.9594E-02
3.5614E-02
4.8934E-02
4.7944E-02
4.7614E-02
6.2234E-02
7.6474E-02
8.4274E-02
9.0524E-02
1.0224E-01
1.1057E-01
1.1624E-01
1.2372E-01
1.2521E-01
1.2207E-01
1.2076E-01
1.2213E-01
1.2005E-01
1.1346E-01
1.1048E-01
1.0768E-01
9.9594E-02
9.3044E-02
8.9974E-02
8.3074E-02
8.2114E-02
8.4524E-02
7.6764E-02
7.2444E-02
6.8574E-02
6.4334E-02
6.1114E-02
5.2674E-02
5.1014E-02
5.1924E-02
5.0204E-02
4.6794E-02
3.8754E-02
2.9524E-02
2.3104E-02
2.1054E-02
1.7414E-02
1.0004E-02
3.1035E-03
9.4355E-04
-2.3465E-03
-9.1565E-03
-8.3865E-03
-8.0365E-03
-4.5065E-03
5.8135E-03
4.1235E-03
8.0355E-04
2.0235E-03
1.4335E-03
1.8835E-03
5.0355E-04
-3.3165E-03
-5.5765E-03
-8.3645E-04
2.9335E-03
1.1335E-03
2.0435E-03
3.6355E-04
-6.1365E-03
-1.0566E-02
-1.2936E-02
-2.0826E-02
-2.9606E-02
-2.8156E-02
-2.8346E-02
-2.7346E-02
-2.4106E-02
-2.8396E-02
-3.2286E-02
-4.0266E-02
-4.2336E-02
-4.6426E-02
-5.9416E-02
-5.6776E-02
-6.2986E-02
-7.0896E-02
-6.3916E-02
-6.5506E-02
-5.9496E-02
-4.9326E-02
-4.3686E-02
-3.7586E-02
-3.7126E-02
-2.7436E-02
-2.1306E-02
-2.3156E-02
-1.3746E-02
-7.6065E-03
-4.1265E-03
6.1435E-03
1.2734E-02
1.1534E-02
1.1894E-02
1.1834E-02
1.5454E-02
2.5634E-02
2.4164E-02
2.1194E-02
2.1584E-02
2.1884E-02
1.7704E-02
1.1164E-02
1.4554E-02
1.5444E-02
1.8754E-02
1.9984E-02
1.8684E-02
2.2514E-02
2.1774E-02
2.1354E-02
2.2174E-02
2.0284E-02
1.4244E-02
9.4635E-03
4.3635E-03
5.5355E-04
1.9535E-03
7.6355E-04
-6.3765E-03
-1.2896E-02
-1.9546E-02
-2.3726E-02
-2.3996E-02
-3.4496E-02
-3.6516E-02
-3.5536E-02
-3.5126E-02
-2.7746E-02
-2.6956E-02
-1.7146E-02
-4.4065E-03
6.8235E-03
1.7624E-02
2.5524E-02
3.3294E-02
4.0844E-02
5.0844E-02
6.6234E-02
8.4234E-02
8.3494E-02
8.0434E-02
8.2474E-02
8.0984E-02
7.8324E-02
6.6094E-02
5.2564E-02
4.1644E-02
3.2584E-02
1.9114E-02
1.0464E-02
7.8635E-03
1.1835E-03
1.3435E-03
1.8435E-03
1.4235E-03
1.8535E-03
5.0535E-03
1.3174E-02
1.6564E-02
1.9564E-02
2.2324E-02
2.1304E-02
2.1764E-02
2.0514E-02
1.4104E-02
1.0404E-02
1.1864E-02
7.8535E-03
1.0335E-03
4.0735E-03
4.5835E-03
-2.1665E-03
-1.0365E-03
2.1835E-03
1.4335E-03
2.2935E-03
6.4535E-03
5.8335E-03
1.6935E-03
1.0835E-03
2.5835E-03
5.2635E-03
2.2335E-03
8.6355E-04
4.4935E-03
4.2535E-03
-2.3645E-04
-4.9465E-03
-5.8065E-03
-6.7465E-03
-4.3765E-03
-2.0645E-04
6.2635E-03
1.7384E-02
2.4684E-02
3.0544E-02
4.0464E-02
4.9714E-02
5.5624E-02
6.2624E-02
6.5404E-02
6.4794E-02
6.3624E-02
6.1104E-02
6.1104E-02
6.1584E-02
5.7704E-02
5.0964E-02
5.1114E-02
4.7884E-02
4.0914E-02
3.7604E-02
3.1194E-02
3.0774E-02
3.1844E-02
3.0724E-02
3.1794E-02
2.7384E-02
2.1314E-02
2.0674E-02
2.0834E-02
1.3764E-02
1.0184E-02
1.0944E-02
3.4935E-03
5.1355E-04
-2.1265E-03
-9.1365E-03
-1.2466E-02
-1.9826E-02
-2.6446E-02
-3.3916E-02
-4.6146E-02
-5.3866E-02
-6.1586E-02
-7.0146E-02
-6.5036E-02
-6.2176E-02
-6.7926E-02
-6.2066E-02
-5.6696E-02
-5.2116E-02
-4.7536E-02
-4.9266E-02
-4.8776E-02
-4.8796E-02
-4.9086E-02
-4.8686E-02
-4.9086E-02
-4.7976E-02
-4.1726E-02
-3.4506E-02
-2.4856E-02
-1.3606E-02
-1.0746E-02
-5.4865E-03
1.6835E-03
9.4355E-04
4.4635E-03
1.1144E-02
1.1344E-02
1.0854E-02
1.1024E-02
1.1004E-02
1.0874E-02
1.1054E-02
1.0864E-02
1.0934E-02
1.1034E-02
1.1474E-02
1.8294E-02
2.1634E-02
2.0894E-02
1.7444E-02
1.0824E-02
7.0135E-03
-2.1265E-03
-1.0946E-02
-1.6016E-02
-2.3716E-02
-2.8976E-02
-3.0446E-02
-3.6026E-02
-4.0416E-02
-3.8836E-02
-3.9346E-02
-3.6876E-02
-3.5876E-02
-4.0216E-02
-3.6646E-02
-3.5976E-02
-3.9626E-02
-3.1746E-02
-2.8586E-02
-2.6266E-02
-1.9086E-02
-1.8356E-02
-1.2476E-02
-8.2965E-03
-9.5465E-03
-1.0186E-02
-1.1286E-02
-1.4446E-02
-2.0106E-02
-1.9816E-02
-1.5726E-02
-9.2165E-03
-1.5965E-03
9.5355E-04
6.8355E-04
3.6355E-04
5.7355E-04
5.4355E-04
3.1355E-04
7.5355E-04
1.0355E-04
7.4355E-04
-2.8765E-03
-9.5465E-03
-9.9765E-03
-9.5065E-03
-1.0206E-02
-1.6556E-02
-1.7506E-02
-9.4065E-03
-9.1365E-03
-1.0086E-02
-9.2165E-03
-1.0036E-02
-9.4365E-03
-9.7365E-03
-9.8565E-03
-9.2865E-03
-1.0286E-02
-6.7265E-03
-7.0665E-03
-6.9165E-03
-6.8645E-04
-2.7865E-03
-1.3965E-03
1.3735E-03
-4.3645E-04
5.0355E-04
1.7355E-04
3.5453E-06
3.5035E-03
9.7435E-03
1.4094E-02
1.9264E-02
2.1474E-02
1.9024E-02
2.3954E-02
2.6454E-02
2.0964E-02
1.6194E-02
1.0564E-02
9.3435E-03
1.0384E-02
1.0594E-02
1.6564E-02
2.1434E-02
1.9414E-02
2.2534E-02
2.2664E-02
1.2374E-02
9.4235E-03
9.5935E-03
1.2144E-02
8.3335E-03
7.6135E-03
1.6414E-02
1.1604E-02
1.5464E-02
2.1634E-02
1.9184E-02
2.0104E-02
1.9904E-02
1.8914E-02
1.6494E-02
1.5254E-02
1.1184E-02
8.4935E-03
1.3404E-02
1.9294E-02
2.1024E-02
2.6064E-02
3.0994E-02
3.2244E-02
3.8984E-02
3.3314E-02
2.1344E-02
1.9584E-02
1.9204E-02
2.3014E-02
2.9084E-02
3.2734E-02
3.2474E-02
2.9994E-02
3.3614E-02
3.4934E-02
2.9754E-02
2.9414E-02
2.9684E-02
2.9394E-02
2.9894E-02
2.9064E-02
3.0144E-02
2.6804E-02
2.8754E-02
3.3264E-02
3.1794E-02
3.9134E-02
4.0404E-02
3.8634E-02
3.9744E-02
3.2184E-02
2.8514E-02
2.2624E-02
1.9274E-02
2.0864E-02
1.6904E-02
1.2594E-02
9.3735E-03
1.2794E-02
1.0524E-02
1.6835E-03
-1.5365E-03
-7.3265E-03
-1.2196E-02
-1.6886E-02
-2.4676E-02
-3.2156E-02
-3.7726E-02
-3.7266E-02
-3.6136E-02
-3.4776E-02
-3.3856E-02
-3.3616E-02
-2.8346E-02
-2.7216E-02
-3.2056E-02
-3.4376E-02
-3.2216E-02
-2.7386E-02
-2.1476E-02
-1.7936E-02
-1.5346E-02
-1.0566E-02
-4.7165E-03
4.8035E-03
5.9035E-03
4.6335E-03
9.8835E-03
1.0294E-02
1.8974E-02
2.5894E-02
1.9234E-02
2.3784E-02
2.7714E-02
2.1314E-02
1.9664E-02
1.4414E-02
8.6635E-03
2.3335E-03
5.6355E-04
8.2235E-03
5.9935E-03
6.8735E-03
9.7835E-03
1.3535E-03
-8.3865E-03
-1.9026E-02
-2.8146E-02
-3.4666E-02
-4.3156E-02
-5.1476E-02
-5.1596E-02
-5.0806E-02
-5.1686E-02
-5.0586E-02
-5.1906E-02
-4.8046E-02
-4.4236E-02
-4.3546E-02
-4.1586E-02
-3.8056E-02
-3.2186E-02
-2.5866E-02
-1.6096E-02
-1.0846E-02
-5.1265E-03
4.1355E-04
2.8035E-03
7.6635E-03
2.2355E-04
-8.7665E-03
-1.4306E-02
-2.1146E-02
-2.1876E-02
-2.1196E-02
-2.1486E-02
-2.1436E-02
-1.9346E-02
-1.5716E-02
-1.2476E-02
-1.7256E-02
-2.2456E-02
-2.1506E-02
-2.1216E-02
-2.1746E-02
-1.8956E-02
-1.1976E-02
-1.0446E-02
-7.7265E-03
-6.2665E-03
-1.0796E-02
-1.2196E-02
-1.1226E-02
-1.4046E-02
-2.0656E-02
-1.6296E-02
-1.0196E-02
-1.1826E-02
-1.1296E-02
-4.9465E-03
3.1235E-03
6.1635E-03
8.1535E-03
9.0535E-03
7.7535E-03
1.1024E-02
1.7634E-02
1.8534E-02
1.4214E-02
1.0994E-02
1.3794E-02
1.3144E-02
9.0635E-03
1.3794E-02
1.1724E-02
7.1935E-03
8.7935E-03
7.6835E-03
8.6935E-03
7.8635E-03
1.0634E-02
1.7174E-02
1.3644E-02
9.9935E-03
1.2354E-02
8.3135E-03
-3.4365E-03
-1.4646E-02
-2.1936E-02
-2.8176E-02
-3.2986E-02
-3.1546E-02
-3.2526E-02
-3.5296E-02
-3.5886E-02
-3.8696E-02
-3.9176E-02
-4.2126E-02
-4.2096E-02
-4.3616E-02
-4.5896E-02
-4.3376E-02
-5.1166E-02
-4.8826E-02
-4.6076E-02
-5.1886E-02
-5.1776E-02
-5.2316E-02
-4.5956E-02
-4.6856E-02
-4.7216E-02
-4.1026E-02
-3.9816E-02
-3.2196E-02
-2.1516E-02
-1.3966E-02
-1.1496E-02
-6.2265E-03
9.1355E-04
9.4635E-03
1.8174E-02
2.4484E-02
3.4324E-02
4.1144E-02
4.7004E-02
4.8994E-02
5.3104E-02
5.9104E-02
5.7724E-02
5.7984E-02
6.3614E-02
6.6744E-02
5.6354E-02
4.7574E-02
4.7504E-02
4.7834E-02
4.5654E-02
3.8544E-02
3.6724E-02
3.8094E-02
3.1734E-02
2.6784E-02
2.6254E-02
2.1654E-02
1.8754E-02
9.7335E-03
7.9355E-04
-2.7465E-03
-1.2036E-02
-1.7165E-03
1.0424E-02
6.7835E-03
8.2635E-03
7.2035E-03
7.9735E-03
5.4635E-03
-1.5765E-03
-5.1565E-03
-1.1306E-02
-1.3386E-02
-1.1596E-02
-9.1765E-03
-1.0326E-02
-1.3456E-02
-1.2056E-02
-1.2386E-02
-1.2426E-02
-8.5565E-03
-1.2766E-02
-2.2416E-02
-2.3116E-02
-2.1976E-02
-2.2856E-02
-2.2116E-02
-2.2696E-02
-2.2356E-02
-2.2476E-02
-2.2646E-02
-2.2176E-02
-2.2936E-02
-2.0426E-02
-1.9076E-02
-2.2746E-02
-2.6816E-02
-2.9316E-02
-3.3046E-02
-3.2386E-02
-2.9116E-02
-3.4316E-02
-3.7106E-02
-4.0566E-02
-4.1986E-02
-3.2916E-02
-3.1676E-02
-3.3016E-02
-2.6666E-02
-2.1596E-02
-1.7276E-02
-9.5765E-03
-3.7565E-03
3.7355E-04
6.0335E-03
1.4124E-02
1.7724E-02
1.9494E-02
2.6294E-02
3.0054E-02
3.6154E-02
3.8614E-02
4.2024E-02
4.8914E-02
4.6934E-02
4.7444E-02
4.7414E-02
4.7124E-02
4.7604E-02
4.6894E-02
4.7474E-02
4.1754E-02
3.6114E-02
3.2104E-02
2.5984E-02
2.2074E-02
1.6174E-02
1.2024E-02
9.8335E-03
5.3935E-03
3.1135E-03
2.4355E-04
3.3355E-04
-8.1365E-03
-1.2606E-02
-4.7365E-03
-1.1486E-02
-1.3606E-02
-1.2316E-02
-7.8565E-03
-3.0765E-03
-1.0566E-02
-4.5565E-03
-1.3065E-03
-3.8065E-03
-2.0165E-03
-3.4165E-03
-2.3765E-03
-3.0965E-03
-2.7265E-03
-2.8165E-03
-2.7065E-03
8.3355E-04
4.2935E-03
7.3235E-03
7.4735E-03
7.1035E-03
1.2274E-02
1.8384E-02
1.6894E-02
1.8764E-02
2.4634E-02
1.9034E-02
1.5614E-02
1.8134E-02
1.6304E-02
1.9154E-02
2.0764E-02
1.7324E-02
1.9834E-02
1.9854E-02
1.0454E-02
6.7235E-03
6.9135E-03
6.9935E-03
7.3435E-03
3.0235E-03
5.5135E-03
2.6935E-03
8.2355E-04
8.3435E-03
7.0135E-03
6.9635E-03
7.4035E-03
1.0444E-02
1.3044E-02
1.1624E-02
1.2294E-02
1.1714E-02
-6.6455E-05
-6.6455E-05
-6.6455E-05
